FamilyID,pvalue,long.life.ratio,short.life.ratio
OG0000008,1,0.375,0.4
OG0000013,0.133333333333333,0.571428571428571,0.0769230769230769
OG0000014,0.0212814645308924,1.2,0.0769230769230769
OG0000016,1,0.222222222222222,0.166666666666667
OG0000017,0.406521739130435,0.222222222222222,0.555555555555556
OG0000018,0.35,0.571428571428571,0.166666666666667
OG0000019,0.660869565217391,0.222222222222222,0.4
OG0000025,0.413871315116436,0.375,1
OG0000028,0.0260869565217391,0.571428571428571,0
OG0000029,1,0.375,0.272727272727273
OG0000036,0.0717391304347826,0.375,0
OG0000038,1,0,0
OG0000040,1,0.1,0.0769230769230769
OG0000041,1,0.222222222222222,0.272727272727273
OG0000042,0.406521739130435,0.222222222222222,0.555555555555556
OG0000043,0.656407322654462,0.571428571428571,0.272727272727273
OG0000044,1,0.1,0.0769230769230769
OG0000045,1,0.222222222222222,0.166666666666667
OG0000046,1,0.222222222222222,0.166666666666667
OG0000047,1,0.1,0.0769230769230769
OG0000048,0.623188405797101,0.375,0.166666666666667
OG0000050,1,0,0
OG0000051,0.287826086956522,0.375,0.0769230769230769
OG0000055,1,0.375,0.272727272727273
OG0000058,0.656407322654462,0.571428571428571,0.272727272727273
OG0000059,1,0.1,0.0769230769230769
OG0000060,1,0,0
OG0000061,1,0.222222222222222,0.166666666666667
OG0000063,0.44,0.1,0
OG0000064,1,0,0
OG0000065,1,0.1,0.0769230769230769
OG0000067,1,0,0
OG0000068,1,0.222222222222222,0.166666666666667
OG0000070,1,0,0
OG0000074,0.23,0,0.272727272727273
OG0000075,1,0.1,0.166666666666667
OG0000076,0.287826086956522,0.375,0.0769230769230769
OG0000077,1,0,0
OG0000078,0.0717391304347826,0.375,0
OG0000079,0.287826086956522,0.375,0.0769230769230769
OG0000080,0.564782608695652,0.222222222222222,0.0769230769230769
OG0000081,1,0.1,0.0769230769230769
OG0000082,1,0.375,0.4
OG0000084,1,0.571428571428571,0.555555555555556
OG0000085,0.623188405797101,0.375,0.166666666666667
OG0000086,1,0.1,0.166666666666667
OG0000087,0.604347826086956,0.1,0.272727272727273
OG0000089,1,0.1,0.166666666666667
OG0000094,0.287826086956522,0.375,0.0769230769230769
OG0000095,1,0.1,0.0769230769230769
OG0000096,0.564782608695652,0.222222222222222,0.0769230769230769
OG0000097,0.564782608695652,0.222222222222222,0.0769230769230769
OG0000098,1,0,0
OG0000099,1,0,0
OG0000102,1,0,0
OG0000104,1,0.222222222222222,0.166666666666667
OG0000105,1,0,0
OG0000107,1,0,0.0769230769230769
OG0000108,0.35,0.571428571428571,0.166666666666667
OG0000109,1,0.222222222222222,0.166666666666667
OG0000110,0.0260869565217391,0.571428571428571,0
OG0000111,1,0.1,0.0769230769230769
OG0000112,0.604347826086956,0.1,0.272727272727273
OG0000114,1,0,0.0769230769230769
OG0000116,1,0,0
OG0000118,1,0,0
OG0000119,1,0,0.0769230769230769
OG0000120,0.564782608695652,0.222222222222222,0.0769230769230769
OG0000122,1,0.222222222222222,0.272727272727273
OG0000123,1,0.1,0.0769230769230769
OG0000124,1,0,0
OG0000126,1,0,0
OG0000128,1,0,0
OG0000129,0.564782608695652,0.222222222222222,0.0769230769230769
OG0000130,0.23,0,0.272727272727273
OG0000131,0.44,0.1,0
OG0000132,1,0,0
OG0000134,1,0,0
OG0000135,1,0.222222222222222,0.166666666666667
OG0000136,0.486666666666667,0,0.166666666666667
OG0000137,1,0.1,0.0769230769230769
OG0000138,1,0.1,0.0769230769230769
OG0000139,0.564782608695652,0.222222222222222,0.0769230769230769
OG0000140,1,0,0.0769230769230769
OG0000141,1,0,0
OG0000142,1,0,0
OG0000144,1,0,0
OG0000145,1,0,0
OG0000146,1,0.222222222222222,0.166666666666667
OG0000147,1,0,0
OG0000148,1,0,0
OG0000150,1,0,0
OG0000152,1,0,0
OG0000153,1,0,0
OG0000154,0.564782608695652,0.222222222222222,0.0769230769230769
OG0000155,0.486666666666667,0,0.166666666666667
OG0000156,1,0,0.0769230769230769
OG0000157,1,0,0
OG0000158,1,0,0
OG0000159,1,0,0
OG0000160,1,0.1,0.0769230769230769
OG0000161,0.604347826086956,0.1,0.272727272727273
OG0000162,0.604347826086956,0.1,0.272727272727273
OG0000163,1,0,0
OG0000164,1,0,0
OG0000165,0.623188405797101,0.375,0.166666666666667
OG0000166,1,0,0
OG0000167,1,0,0
OG0000168,0.660869565217391,0.222222222222222,0.4
OG0000169,0.44,0.1,0
OG0000170,1,0,0
OG0000172,1,0,0
OG0000173,1,0,0
OG0000175,0.0717391304347826,0.375,0
OG0000177,0.44,0.1,0
OG0000179,1,0,0
OG0000180,1,0,0.0769230769230769
OG0000182,1,0,0
OG0000183,1,0.1,0.0769230769230769
OG0000184,1,0.1,0.0769230769230769
OG0000185,1,0,0
OG0000186,0.35,0.571428571428571,0.166666666666667
OG0000187,0.183333333333333,0.222222222222222,0
OG0000189,1,0.1,0.166666666666667
OG0000190,1,0,0
OG0000191,0.486666666666667,0,0.166666666666667
OG0000192,1,0,0
OG0000193,1,0,0
OG0000194,1,0.1,0.0769230769230769
OG0000195,1,0,0
OG0000196,1,0,0
OG0000197,1,0,0
OG0000198,1,0,0
OG0000199,1,0,0
OG0000200,1,0,0
OG0000202,1,0,0
OG0000203,1,0,0
OG0000204,1,0,0
OG0000205,1,0,0
OG0000206,1,0,0
OG0000207,0.564782608695652,0.222222222222222,0.0769230769230769
OG0000208,1,0,0
OG0000209,1,0,0
OG0000210,1,0,0
OG0000211,1,0,0
OG0000213,1,0,0
OG0000214,1,0,0
OG0000217,1,0,0
OG0000219,1,0,0
OG0000220,1,0,0
OG0000221,1,0,0
OG0000222,1,0,0
OG0000223,1,0,0.0769230769230769
OG0000224,1,0,0
OG0000225,1,0,0
OG0000226,1,0.1,0.166666666666667
OG0000227,1,0,0
OG0000228,1,0,0
OG0000229,1,0,0
OG0000230,0.105217391304348,0,0.4
OG0000231,1,0,0
OG0000232,0.0260869565217391,0.571428571428571,0
OG0000233,1,0,0
OG0000234,0.564782608695652,0.222222222222222,0.0769230769230769
OG0000236,1,0,0
OG0000237,1,0,0
OG0000238,1,0,0
OG0000239,0.486666666666667,0,0.166666666666667
OG0000240,1,0,0
OG0000241,0.44,0.1,0
OG0000242,1,0,0
OG0000243,1,0.1,0.0769230769230769
OG0000244,1,0,0
OG0000245,1,0,0
OG0000246,0.44,0.1,0
OG0000247,0.44,0.1,0
OG0000248,1,0,0
OG0000249,1,0,0
OG0000250,1,0,0
OG0000251,1,0,0
OG0000252,1,0,0
OG0000253,1,0,0
OG0000254,1,0,0
OG0000255,1,0,0
OG0000256,1,0,0
OG0000257,1,0,0
OG0000259,1,0,0
OG0000260,1,0,0
OG0000261,1,0,0
OG0000262,1,0,0
OG0000263,0.44,0.1,0
OG0000266,1,0,0
OG0000267,1,0,0
OG0000268,1,0,0
OG0000269,1,0,0
OG0000270,1,0,0
OG0000271,1,0,0
OG0000272,1,0,0
OG0000273,1,0,0
OG0000275,1,0,0.0769230769230769
OG0000276,1,0,0
OG0000277,1,0,0
OG0000278,0.486666666666667,0,0.166666666666667
OG0000279,1,0,0
OG0000280,1,0,0
OG0000282,0.44,0.1,0
OG0000283,1,0,0
OG0000284,1,0,0
OG0000285,1,0,0
OG0000286,1,0,0
OG0000287,1,0,0.0769230769230769
OG0000288,1,0,0
OG0000289,1,0,0
OG0000290,1,0,0
OG0000291,1,0,0
OG0000292,1,0,0
OG0000293,1,0,0
OG0000294,1,0,0
OG0000295,1,0,0
OG0000296,0.486666666666667,0,0.166666666666667
OG0000297,1,0,0.0769230769230769
OG0000298,1,0,0
OG0000300,1,0,0
OG0000301,0.23,0,0.272727272727273
OG0000302,1,0.1,0.0769230769230769
OG0000303,1,0,0
OG0000304,0.564782608695652,0.222222222222222,0.0769230769230769
OG0000305,1,0,0
OG0000307,1,0,0
OG0000308,1,0,0
OG0000309,1,0,0
OG0000310,1,0,0
OG0000311,1,0.222222222222222,0.166666666666667
OG0000312,1,0,0
OG0000313,1,0,0
OG0000314,1,0,0
OG0000316,0.564782608695652,0.222222222222222,0.0769230769230769
OG0000317,1,0,0
OG0000318,1,0,0
OG0000319,1,0,0
OG0000320,1,0,0
OG0000323,1,0,0
OG0000324,1,0,0
OG0000325,1,0,0
OG0000326,1,0,0
OG0000327,1,0,0
OG0000328,1,0,0
OG0000329,1,0,0.0769230769230769
OG0000330,1,0,0
OG0000331,0.44,0.1,0
OG0000333,1,0,0
OG0000335,1,0,0.0769230769230769
OG0000336,0.44,0.1,0
OG0000337,1,0,0
OG0000338,1,0,0
OG0000339,1,0,0
OG0000340,1,0,0
OG0000341,1,0.1,0.0769230769230769
OG0000342,1,0,0.0769230769230769
OG0000343,1,0,0
OG0000344,1,0,0
OG0000345,1,0,0
OG0000350,1,0,0
OG0000351,1,0,0
OG0000352,1,0,0
OG0000353,1,0,0
OG0000354,1,0,0
OG0000355,1,0,0
OG0000356,1,0,0
OG0000357,1,0,0
OG0000358,1,0,0
OG0000359,0.44,0.1,0
OG0000360,1,0,0
OG0000361,1,0,0.0769230769230769
OG0000362,1,0,0
OG0000363,0.486666666666667,0,0.166666666666667
OG0000364,1,0,0
OG0000365,1,0,0
OG0000366,1,0,0
OG0000367,1,0,0
OG0000369,1,0,0
OG0000370,1,0,0.0769230769230769
OG0000371,1,0,0
OG0000372,1,0,0
OG0000373,1,0.1,0.0769230769230769
OG0000375,1,0,0
OG0000376,1,0.375,0.4
OG0000377,1,0,0
OG0000378,1,0,0
OG0000379,1,0,0
OG0000381,1,0,0.0769230769230769
OG0000382,1,0,0
OG0000383,1,0,0
OG0000384,1,0,0
OG0000385,0.44,0.1,0
OG0000389,1,0,0
OG0000390,1,0,0.0769230769230769
OG0000391,1,0.1,0.166666666666667
OG0000392,0.183333333333333,0.222222222222222,0
OG0000393,1,0,0
OG0000394,1,0,0
OG0000396,1,0,0
OG0000397,1,0,0
OG0000398,1,0,0
OG0000399,1,0,0
OG0000400,1,0,0
OG0000401,1,0,0
OG0000402,1,0,0
OG0000403,1,0,0
OG0000404,0.183333333333333,0.222222222222222,0
OG0000405,1,0,0
OG0000406,1,0,0.0769230769230769
OG0000407,1,0,0
OG0000408,1,0,0.0769230769230769
OG0000410,1,0,0
OG0000411,1,0,0
OG0000412,1,0,0.0769230769230769
OG0000413,1,0,0
OG0000414,1,0,0
OG0000415,1,0,0
OG0000416,1,0,0
OG0000417,1,0,0
OG0000418,1,0,0
OG0000419,1,0,0
OG0000420,1,0,0
OG0000421,1,0,0
OG0000422,1,0,0
OG0000423,1,0,0
OG0000424,1,0,0
OG0000425,0.44,0.1,0
OG0000426,1,0,0
OG0000427,1,0.1,0.0769230769230769
OG0000428,1,0.1,0.0769230769230769
OG0000429,1,0.222222222222222,0.272727272727273
OG0000430,1,0,0
OG0000431,1,0,0.0769230769230769
OG0000432,0.44,0.1,0
OG0000433,0.486666666666667,0,0.166666666666667
OG0000434,1,0,0
OG0000435,1,0,0
OG0000436,1,0,0
OG0000437,1,0,0
OG0000438,1,0,0
OG0000439,1,0.222222222222222,0.166666666666667
OG0000440,1,0,0
OG0000441,0.340579710144927,0.1,0.4
OG0000443,1,0,0
OG0000444,1,0,0
OG0000445,1,0,0
OG0000446,1,0,0
OG0000447,1,0,0
OG0000448,1,0,0
OG0000449,1,0,0
OG0000450,1,0,0
OG0000451,1,0,0
OG0000452,0.44,0.1,0
OG0000453,1,0,0
OG0000454,0.44,0.1,0
OG0000455,1,0,0
OG0000456,1,0,0
OG0000457,1,0,0
OG0000458,1,0,0
OG0000459,1,0,0
OG0000460,0.183333333333333,0.222222222222222,0
OG0000461,1,0,0
OG0000462,1,0.222222222222222,0.166666666666667
OG0000463,1,0,0.0769230769230769
OG0000464,0.44,0.1,0
OG0000465,1,0,0
OG0000466,1,0,0
OG0000467,1,0,0
OG0000468,1,0,0
OG0000469,1,0,0
OG0000470,1,0,0
OG0000471,1,0,0
OG0000472,1,0,0
OG0000473,1,0,0
OG0000474,1,0,0
OG0000475,1,0,0
OG0000476,1,0,0
OG0000477,1,0,0
OG0000478,1,0,0
OG0000479,1,0,0
OG0000481,1,0,0
OG0000482,1,0,0
OG0000483,1,0,0
OG0000484,1,0,0
OG0000485,1,0,0
OG0000486,1,0,0
OG0000487,1,0,0.0769230769230769
OG0000488,1,0,0
OG0000489,1,0,0
OG0000490,1,0,0
OG0000491,1,0,0
OG0000492,1,0,0
OG0000493,1,0,0
OG0000494,1,0,0
OG0000495,1,0,0.0769230769230769
OG0000496,0.340579710144927,0.1,0.4
OG0000497,1,0,0
OG0000498,1,0,0
OG0000499,1,0,0
OG0000500,1,0,0
OG0000501,1,0,0
OG0000502,1,0,0
OG0000503,1,0,0
OG0000504,1,0,0
OG0000505,1,0,0
OG0000506,1,0,0
OG0000507,1,0,0
OG0000508,1,0,0
OG0000509,1,0,0
OG0000510,1,0,0
OG0000511,1,0,0
OG0000512,1,0,0
OG0000513,1,0,0
OG0000514,1,0,0
OG0000515,1,0,0
OG0000517,1,0.1,0.0769230769230769
OG0000518,1,0,0
OG0000519,1,0,0
OG0000520,0.44,0.1,0
OG0000521,1,0,0
OG0000522,1,0,0
OG0000523,1,0,0
OG0000524,0.44,0.1,0
OG0000525,1,0,0
OG0000526,1,0,0
OG0000527,1,0,0
OG0000528,1,0,0
OG0000529,1,0,0
OG0000530,1,0,0
OG0000531,1,0,0
OG0000532,1,0,0
OG0000533,1,0,0
OG0000534,1,0,0
OG0000535,1,0.1,0.0769230769230769
OG0000536,1,0,0
OG0000537,1,0,0
OG0000538,1,0,0
OG0000539,1,0,0
OG0000540,1,0,0
OG0000541,1,0,0
OG0000542,1,0.1,0.0769230769230769
OG0000547,1,0,0
OG0000548,1,0,0
OG0000549,1,0,0
OG0000550,1,0,0
OG0000551,1,0,0
OG0000552,1,0,0.0769230769230769
OG0000553,1,0.1,0.0769230769230769
OG0000554,1,0.1,0.0769230769230769
OG0000555,1,0,0
OG0000556,1,0,0
OG0000557,1,0,0
OG0000558,1,0,0
OG0000559,1,0,0
OG0000560,1,0,0
OG0000561,1,0,0.0769230769230769
OG0000562,1,0,0
OG0000563,1,0,0
OG0000564,1,0,0
OG0000565,1,0,0
OG0000566,1,0,0
OG0000567,1,0,0
OG0000568,1,0,0
OG0000569,1,0,0
OG0000570,1,0,0
OG0000571,1,0,0
OG0000572,1,0,0
OG0000573,1,0,0
OG0000574,1,0,0
OG0000575,1,0,0
OG0000576,1,0,0
OG0000577,1,0,0
OG0000578,1,0,0
OG0000579,1,0.1,0.166666666666667
OG0000580,1,0,0
OG0000581,1,0,0
OG0000582,1,0,0
OG0000583,1,0,0
OG0000584,1,0,0
OG0000585,1,0,0
OG0000586,1,0,0
OG0000587,1,0,0
OG0000588,1,0,0
OG0000589,1,0,0
OG0000590,1,0,0
OG0000591,1,0,0
OG0000592,1,0,0
OG0000593,0.23,0,0.272727272727273
OG0000594,1,0,0
OG0000595,1,0,0
OG0000596,1,0,0
OG0000597,1,0,0
OG0000598,1,0,0
OG0000599,1,0,0
OG0000600,1,0,0
OG0000601,1,0,0
OG0000602,1,0,0
OG0000603,1,0,0
OG0000604,1,0,0
OG0000605,1,0.1,0.0769230769230769
OG0000606,0.486666666666667,0,0.166666666666667
OG0000607,1,0,0
OG0000608,0.44,0.1,0
OG0000610,0.604347826086956,0.1,0.272727272727273
OG0000611,1,0,0
OG0000612,0.564782608695652,0.222222222222222,0.0769230769230769
OG0000613,1,0,0
OG0000614,1,0,0
OG0000615,1,0,0
OG0000616,1,0,0
OG0000617,1,0,0
OG0000618,1,0,0
OG0000619,1,0,0
OG0000620,1,0,0
OG0000621,1,0,0
OG0000622,1,0,0
OG0000623,1,0,0
OG0000624,1,0,0
OG0000625,1,0,0
OG0000626,1,0,0
OG0000627,1,0,0
OG0000628,1,0,0
OG0000629,1,0,0
OG0000630,1,0,0
OG0000633,1,0,0
OG0000634,1,0,0
OG0000635,1,0,0
OG0000636,1,0,0
OG0000637,0.183333333333333,0.222222222222222,0
OG0000638,1,0,0
OG0000639,1,0,0
OG0000640,1,0,0
OG0000641,1,0,0
OG0000642,0.564782608695652,0.222222222222222,0.0769230769230769
OG0000643,1,0,0
OG0000644,1,0.1,0.0769230769230769
OG0000645,1,0,0
OG0000646,1,0,0
OG0000647,1,0,0
OG0000648,1,0,0
OG0000649,1,0,0
OG0000650,1,0,0
OG0000651,1,0,0
OG0000652,0.44,0.1,0
OG0000654,1,0,0
OG0000655,1,0,0
OG0000656,1,0,0
OG0000657,1,0,0.0769230769230769
OG0000658,1,0,0
OG0000659,1,0.1,0.0769230769230769
OG0000660,1,0,0
OG0000661,1,0,0
OG0000662,1,0,0
OG0000663,1,0,0
OG0000664,1,0,0
OG0000665,0.604347826086956,0.1,0.272727272727273
OG0000666,1,0,0
OG0000667,1,0,0
OG0000668,1,0,0
OG0000669,1,0,0
OG0000670,1,0,0
OG0000671,1,0,0
OG0000672,1,0,0
OG0000674,1,0,0
OG0000675,1,0,0
OG0000676,1,0,0
OG0000677,1,0,0
OG0000678,1,0,0
OG0000679,1,0,0
OG0000680,1,0,0
OG0000681,1,0,0
OG0000682,1,0,0
OG0000683,1,0,0.0769230769230769
OG0000684,1,0,0
OG0000685,1,0,0
OG0000686,1,0,0
OG0000687,1,0,0
OG0000688,1,0,0
OG0000689,1,0.1,0.0769230769230769
OG0000690,1,0,0
OG0000691,1,0,0
OG0000692,1,0,0
OG0000693,1,0,0.0769230769230769
OG0000694,0.44,0.1,0
OG0000695,1,0,0
OG0000696,1,0,0
OG0000697,1,0,0
OG0000698,1,0,0
OG0000699,1,0,0
OG0000700,1,0,0
OG0000701,0.486666666666667,0,0.166666666666667
OG0000702,1,0,0
OG0000703,0.183333333333333,0.222222222222222,0
OG0000704,1,0,0.0769230769230769
OG0000705,1,0,0
OG0000706,1,0,0
OG0000707,1,0,0
OG0000708,0.486666666666667,0,0.166666666666667
OG0000710,0.44,0.1,0
OG0000712,1,0,0
OG0000713,1,0,0
OG0000714,1,0,0.0769230769230769
OG0000715,1,0,0
OG0000716,0.44,0.1,0
OG0000717,1,0,0
OG0000718,1,0,0
OG0000719,1,0,0
OG0000720,1,0,0
OG0000721,1,0,0
OG0000722,1,0,0
OG0000723,1,0,0
OG0000724,1,0,0
OG0000725,1,0,0
OG0000726,1,0,0
OG0000727,1,0,0
OG0000728,1,0,0
OG0000729,1,0,0
OG0000730,0.604347826086956,0.1,0.272727272727273
OG0000731,1,0,0
OG0000732,1,0,0
OG0000733,1,0,0
OG0000735,0.604347826086956,0.1,0.272727272727273
OG0000737,1,0,0
OG0000739,1,0.222222222222222,0.166666666666667
OG0000740,1,0,0
OG0000741,1,0,0
OG0000742,1,0,0
OG0000743,1,0,0
OG0000744,1,0,0
OG0000745,1,0,0
OG0000746,1,0,0
OG0000747,1,0.1,0.0769230769230769
OG0000748,1,0,0
OG0000749,1,0,0
OG0000750,1,0,0
OG0000751,1,0,0
OG0000752,1,0,0
OG0000753,1,0,0
OG0000754,1,0,0
OG0000755,1,0,0
OG0000756,1,0,0
OG0000757,1,0,0
OG0000758,1,0,0
OG0000759,1,0,0
OG0000760,1,0,0
OG0000761,1,0,0
OG0000762,1,0,0
OG0000763,1,0,0
OG0000764,1,0,0
OG0000765,1,0,0
OG0000767,1,0,0
OG0000768,1,0,0
OG0000769,1,0,0
OG0000770,1,0,0
OG0000771,1,0.1,0.0769230769230769
OG0000772,1,0,0
OG0000773,1,0,0
OG0000774,1,0,0
OG0000775,1,0,0
OG0000776,1,0,0
OG0000777,1,0,0
OG0000778,1,0,0
OG0000779,1,0,0
OG0000780,1,0,0
OG0000781,1,0,0
OG0000782,1,0,0
OG0000784,1,0.1,0.166666666666667
OG0000785,1,0,0
OG0000786,1,0.1,0.0769230769230769
OG0000787,1,0,0
OG0000788,1,0,0
OG0000789,1,0.1,0.0769230769230769
OG0000790,1,0,0
OG0000791,1,0,0
OG0000792,1,0,0
OG0000795,0.44,0.1,0
OG0000796,1,0,0
OG0000797,1,0,0
OG0000798,1,0,0
OG0000799,1,0,0
OG0000800,1,0,0
OG0000801,1,0,0
OG0000802,0.486666666666667,0,0.166666666666667
OG0000803,1,0,0
OG0000804,1,0,0.0769230769230769
OG0000805,0.44,0.1,0
OG0000806,0.486666666666667,0,0.166666666666667
OG0000807,1,0,0
OG0000808,1,0,0
OG0000809,1,0,0
OG0000810,1,0,0
OG0000811,1,0,0
OG0000812,1,0,0
OG0000813,1,0,0
OG0000814,1,0,0
OG0000815,0.44,0.1,0
OG0000816,1,0,0
OG0000817,1,0,0
OG0000818,1,0,0
OG0000820,1,0.1,0.0769230769230769
OG0000821,1,0,0
OG0000822,1,0,0
OG0000823,1,0,0
OG0000824,0.44,0.1,0
OG0000825,1,0,0
OG0000826,1,0,0
OG0000827,1,0,0
OG0000828,1,0,0
OG0000829,1,0,0
OG0000830,1,0,0
OG0000831,1,0,0
OG0000832,1,0,0
OG0000833,1,0,0
OG0000834,0.183333333333333,0.222222222222222,0
OG0000835,1,0,0
OG0000836,1,0,0.0769230769230769
OG0000837,1,0,0
OG0000839,1,0.1,0.166666666666667
OG0000840,1,0,0
OG0000841,1,0,0
OG0000842,1,0,0
OG0000843,1,0,0
OG0000844,1,0,0
OG0000845,1,0,0
OG0000846,1,0,0
OG0000847,1,0,0
OG0000848,1,0,0
OG0000849,1,0,0
OG0000850,1,0,0
OG0000851,1,0,0
OG0000852,1,0,0
OG0000853,1,0,0
OG0000854,0.44,0.1,0
OG0000859,1,0.1,0.0769230769230769
OG0000860,1,0,0
OG0000861,1,0,0
OG0000862,1,0,0
OG0000863,1,0,0
OG0000864,1,0,0
OG0000865,1,0,0
OG0000866,1,0,0
OG0000867,1,0,0
OG0000868,1,0,0
OG0000869,1,0,0
OG0000870,1,0,0
OG0000871,1,0,0
OG0000872,0.183333333333333,0.222222222222222,0
OG0000873,1,0,0
OG0000875,1,0,0
OG0000876,0.486666666666667,0,0.166666666666667
OG0000877,1,0,0
OG0000878,1,0,0
OG0000879,0.44,0.1,0
OG0000880,1,0,0
OG0000881,1,0,0
OG0000882,1,0,0
OG0000883,1,0,0
OG0000884,1,0,0
OG0000885,1,0,0
OG0000886,1,0,0
OG0000888,1,0,0
OG0000889,1,0,0
OG0000890,1,0,0
OG0000891,1,0,0
OG0000892,1,0,0
OG0000893,1,0,0
OG0000894,1,0,0
OG0000895,1,0,0
OG0000896,1,0.1,0.166666666666667
OG0000897,1,0,0
OG0000898,1,0,0
OG0000901,1,0,0
OG0000902,1,0,0
OG0000903,1,0,0
OG0000904,1,0,0
OG0000905,0.564782608695652,0.222222222222222,0.0769230769230769
OG0000906,1,0,0
OG0000907,1,0,0.0769230769230769
OG0000908,1,0,0
OG0000909,1,0,0
OG0000910,1,0,0
OG0000912,1,0,0
OG0000913,1,0,0
OG0000914,1,0,0
OG0000915,1,0,0
OG0000916,0.564782608695652,0.222222222222222,0.0769230769230769
OG0000917,1,0,0
OG0000918,1,0.1,0.0769230769230769
OG0000919,1,0,0
OG0000920,0.0717391304347826,0.375,0
OG0000921,1,0,0
OG0000922,1,0,0
OG0000923,1,0,0
OG0000924,1,0,0
OG0000925,1,0,0
OG0000926,1,0,0
OG0000927,0.44,0.1,0
OG0000929,1,0,0
OG0000930,1,0,0
OG0000932,1,0,0
OG0000933,1,0,0
OG0000934,1,0,0
OG0000935,1,0,0
OG0000936,1,0,0
OG0000937,1,0,0
OG0000938,1,0,0
OG0000939,1,0,0
OG0000940,1,0,0
OG0000942,1,0,0
OG0000943,1,0,0
OG0000944,1,0,0
OG0000945,1,0,0
OG0000946,1,0,0
OG0000947,1,0,0
OG0000948,1,0,0
OG0000949,1,0,0
OG0000950,1,0,0
OG0000951,0.44,0.1,0
OG0000952,1,0,0
OG0000953,0.183333333333333,0.222222222222222,0
OG0000954,1,0,0
OG0000955,1,0,0
OG0000956,1,0,0
OG0000957,0.44,0.1,0
OG0000958,1,0,0
OG0000959,1,0,0.0769230769230769
OG0000960,0.183333333333333,0.222222222222222,0
OG0000963,1,0,0
OG0000964,1,0,0
OG0000965,1,0,0
OG0000967,0.44,0.1,0
OG0000968,0.183333333333333,0.222222222222222,0
OG0000970,1,0,0
OG0000971,1,0,0
OG0000972,1,0,0
OG0000973,1,0,0
OG0000974,1,0,0
OG0000975,1,0,0
OG0000976,1,0,0
OG0000977,1,0,0
OG0000978,1,0,0
OG0000979,1,0,0.0769230769230769
OG0000980,1,0,0
OG0000981,1,0,0
OG0000982,1,0,0
OG0000983,1,0,0.0769230769230769
OG0000984,1,0,0
OG0000985,1,0.1,0.166666666666667
OG0000988,1,0,0
OG0000989,1,0,0
OG0000990,1,0,0
OG0000991,1,0,0
OG0000992,1,0,0
OG0000993,1,0,0
OG0000994,1,0,0
OG0000995,1,0,0
OG0000996,0.44,0.1,0
OG0000997,1,0,0
OG0000998,1,0,0
OG0000999,1,0,0
OG0001000,1,0,0
OG0001001,1,0,0.0769230769230769
OG0001002,1,0,0
OG0001003,1,0,0
OG0001004,1,0,0
OG0001005,0.183333333333333,0.222222222222222,0
OG0001006,1,0,0
OG0001007,1,0,0
OG0001008,0.564782608695652,0.222222222222222,0.0769230769230769
OG0001009,1,0,0.0769230769230769
OG0001010,1,0,0
OG0001011,0.604347826086956,0.1,0.272727272727273
OG0001012,1,0,0
OG0001013,1,0,0
OG0001014,1,0.222222222222222,0.166666666666667
OG0001018,1,0,0
OG0001019,1,0,0
OG0001020,1,0,0
OG0001021,1,0,0
OG0001022,1,0,0
OG0001023,1,0,0
OG0001024,1,0,0
OG0001025,1,0,0
OG0001027,1,0,0
OG0001028,1,0,0
OG0001029,1,0,0
OG0001030,1,0,0
OG0001031,1,0,0
OG0001032,1,0,0
OG0001033,1,0,0
OG0001034,1,0,0
OG0001035,1,0,0
OG0001036,1,0,0
OG0001037,0.486666666666667,0,0.166666666666667
OG0001038,0.486666666666667,0,0.166666666666667
OG0001039,1,0,0
OG0001040,1,0,0
OG0001041,1,0,0
OG0001042,1,0,0
OG0001043,1,0,0
OG0001044,1,0,0
OG0001045,0.183333333333333,0.222222222222222,0
OG0001046,1,0,0
OG0001047,0.486666666666667,0,0.166666666666667
OG0001048,0.604347826086956,0.1,0.272727272727273
OG0001049,1,0,0
OG0001050,1,0,0
OG0001051,1,0,0
OG0001053,1,0,0
OG0001054,1,0,0
OG0001055,1,0,0
OG0001056,0.44,0.1,0
OG0001057,0.44,0.1,0
OG0001058,1,0,0
OG0001059,1,0.1,0.166666666666667
OG0001060,1,0,0
OG0001061,1,0,0
OG0001062,1,0,0
OG0001063,1,0,0
OG0001064,1,0,0
OG0001065,1,0,0
OG0001068,1,0,0
OG0001069,1,0,0
OG0001070,1,0,0
OG0001071,1,0,0
OG0001072,1,0,0
OG0001073,1,0,0
OG0001074,1,0,0
OG0001075,1,0,0
OG0001076,1,0,0
OG0001077,1,0,0
OG0001078,1,0,0
OG0001079,1,0,0
OG0001080,1,0,0.0769230769230769
OG0001081,1,0,0
OG0001082,1,0,0
OG0001083,1,0,0
OG0001084,0.44,0.1,0
OG0001085,1,0,0
OG0001086,1,0,0
OG0001087,1,0,0
OG0001088,1,0,0
OG0001089,1,0,0
OG0001090,1,0,0.0769230769230769
OG0001091,1,0,0
OG0001092,1,0,0
OG0001093,0.0717391304347826,0.375,0
OG0001095,1,0,0
OG0001096,1,0,0
OG0001097,1,0,0
OG0001098,1,0,0
OG0001099,1,0.1,0.0769230769230769
OG0001100,0.44,0.1,0
OG0001101,0.0717391304347826,0.375,0
OG0001104,0.44,0.1,0
OG0001105,1,0.1,0.0769230769230769
OG0001106,1,0,0
OG0001107,1,0,0
OG0001108,1,0,0
OG0001109,1,0,0
OG0001111,1,0,0.0769230769230769
OG0001112,1,0,0
OG0001113,1,0,0.0769230769230769
OG0001114,1,0,0
OG0001115,1,0,0
OG0001116,0.340579710144927,0.1,0.4
OG0001117,1,0,0
OG0001118,1,0,0
OG0001119,1,0.1,0.0769230769230769
OG0001120,1,0,0
OG0001121,1,0,0
OG0001122,1,0,0
OG0001123,1,0,0
OG0001124,1,0,0
OG0001125,1,0,0
OG0001126,1,0,0
OG0001127,1,0,0
OG0001128,1,0,0
OG0001129,1,0,0
OG0001130,1,0,0
OG0001131,1,0,0
OG0001132,1,0,0
OG0001133,1,0,0
OG0001134,1,0,0
OG0001135,1,0,0
OG0001136,1,0,0
OG0001137,1,0,0.0769230769230769
OG0001138,1,0,0
OG0001139,1,0,0
OG0001140,1,0,0
OG0001141,1,0,0
OG0001142,1,0,0
OG0001143,1,0,0
OG0001144,1,0,0
OG0001145,1,0,0.0769230769230769
OG0001146,0.564782608695652,0.222222222222222,0.0769230769230769
OG0001147,1,0,0
OG0001148,1,0,0
OG0001149,1,0,0
OG0001150,1,0,0
OG0001151,1,0,0
OG0001152,1,0,0
OG0001153,1,0,0
OG0001155,1,0,0
OG0001157,0.44,0.1,0
OG0001158,1,0,0
OG0001159,1,0,0
OG0001160,1,0,0
OG0001161,1,0,0
OG0001162,1,0,0
OG0001163,1,0,0
OG0001164,1,0,0.0769230769230769
OG0001165,1,0,0.0769230769230769
OG0001166,1,0,0
OG0001167,1,0,0
OG0001168,1,0,0
OG0001169,1,0,0
OG0001170,1,0,0
OG0001171,1,0,0
OG0001172,1,0,0
OG0001173,1,0,0
OG0001174,1,0,0
OG0001175,1,0,0
OG0001176,1,0,0
OG0001177,1,0,0
OG0001178,1,0,0
OG0001179,1,0,0
OG0001180,1,0,0
OG0001181,1,0,0
OG0001182,1,0,0
OG0001183,1,0,0
OG0001184,1,0,0
OG0001185,1,0,0
OG0001186,1,0,0
OG0001187,1,0,0
OG0001188,1,0,0
OG0001189,1,0,0
OG0001190,1,0,0
OG0001192,1,0.1,0.0769230769230769
OG0001193,1,0,0.0769230769230769
OG0001195,1,0.1,0.0769230769230769
OG0001196,1,0,0
OG0001197,0.486666666666667,0,0.166666666666667
OG0001198,1,0,0
OG0001199,1,0,0
OG0001200,0.44,0.1,0
OG0001201,1,0,0
OG0001202,1,0,0
OG0001203,1,0.1,0.0769230769230769
OG0001204,1,0,0
OG0001205,1,0,0
OG0001206,1,0,0
OG0001207,1,0,0
OG0001208,1,0,0
OG0001209,1,0,0
OG0001210,1,0,0
OG0001211,1,0,0
OG0001212,1,0,0
OG0001213,1,0,0
OG0001214,1,0,0
OG0001215,1,0,0
OG0001216,1,0,0
OG0001217,1,0,0
OG0001218,1,0,0
OG0001219,1,0,0
OG0001220,0.44,0.1,0
OG0001221,1,0,0
OG0001222,1,0,0
OG0001223,1,0,0
OG0001224,1,0,0
OG0001225,1,0,0
OG0001226,1,0,0
OG0001227,1,0,0
OG0001228,1,0,0
OG0001229,1,0,0
OG0001230,1,0,0
OG0001231,1,0,0
OG0001232,0.486666666666667,0,0.166666666666667
OG0001233,1,0,0
OG0001234,1,0,0
OG0001235,1,0,0
OG0001236,1,0,0
OG0001237,1,0,0
OG0001238,1,0,0
OG0001239,1,0,0
OG0001240,1,0,0
OG0001241,1,0,0
OG0001242,1,0,0
OG0001243,1,0,0
OG0001244,1,0,0
OG0001245,1,0,0
OG0001246,1,0.1,0.166666666666667
OG0001247,1,0,0
OG0001248,1,0,0
OG0001249,1,0,0
OG0001250,1,0,0
OG0001251,1,0.1,0.0769230769230769
OG0001252,1,0,0
OG0001253,1,0,0
OG0001254,1,0,0
OG0001255,1,0,0
OG0001256,1,0,0
OG0001257,1,0,0
OG0001258,1,0,0
OG0001260,1,0,0
OG0001261,1,0,0
OG0001262,1,0,0
OG0001263,1,0,0
OG0001265,1,0,0
OG0001266,1,0,0
OG0001267,1,0,0
OG0001268,1,0,0
OG0001269,1,0,0
OG0001270,1,0,0.0769230769230769
OG0001271,1,0,0
OG0001272,1,0,0
OG0001273,1,0,0
OG0001274,1,0,0
OG0001275,1,0.1,0.0769230769230769
OG0001276,1,0,0
OG0001277,1,0,0
OG0001278,1,0,0
OG0001279,1,0,0
OG0001280,1,0,0
OG0001281,0.564782608695652,0.222222222222222,0.0769230769230769
OG0001282,1,0,0
OG0001283,1,0,0
OG0001284,1,0,0
OG0001285,1,0,0
OG0001286,1,0,0
OG0001287,1,0,0
OG0001288,1,0,0
OG0001289,1,0,0
OG0001290,1,0,0
OG0001291,1,0,0.0769230769230769
OG0001292,1,0,0
OG0001293,1,0,0
OG0001294,1,0,0
OG0001295,1,0,0
OG0001296,0.486666666666667,0,0.166666666666667
OG0001297,1,0,0
OG0001298,1,0,0
OG0001299,1,0,0
OG0001300,1,0,0
OG0001301,1,0,0
OG0001302,1,0,0
OG0001303,1,0,0
OG0001304,0.564782608695652,0.222222222222222,0.0769230769230769
OG0001305,1,0,0
OG0001306,1,0,0
OG0001307,1,0,0
OG0001308,1,0,0
OG0001309,1,0,0
OG0001310,1,0,0
OG0001311,1,0,0.0769230769230769
OG0001312,1,0,0
OG0001313,1,0,0
OG0001314,1,0,0
OG0001315,1,0,0
OG0001316,1,0,0
OG0001317,1,0,0
OG0001318,0.44,0.1,0
OG0001319,1,0,0
OG0001320,1,0,0
OG0001321,1,0,0
OG0001322,1,0,0
OG0001323,1,0,0
OG0001324,1,0,0
OG0001325,1,0,0
OG0001326,1,0,0
OG0001327,1,0,0
OG0001328,1,0,0
OG0001329,1,0,0
OG0001330,1,0,0
OG0001331,1,0,0
OG0001332,1,0,0
OG0001335,1,0,0
OG0001336,1,0,0
OG0001337,1,0.1,0.0769230769230769
OG0001338,1,0,0
OG0001339,1,0,0
OG0001340,1,0,0
OG0001341,1,0,0
OG0001342,0.44,0.1,0
OG0001343,1,0,0
OG0001344,1,0,0
OG0001345,1,0,0
OG0001346,1,0,0
OG0001347,1,0,0
OG0001348,1,0,0
OG0001349,1,0,0
OG0001350,1,0,0
OG0001351,1,0,0
OG0001352,1,0,0
OG0001353,1,0,0
OG0001354,1,0,0
OG0001355,1,0,0
OG0001356,1,0,0
OG0001357,1,0,0
OG0001358,1,0,0
OG0001359,1,0,0
OG0001360,1,0,0
OG0001361,1,0,0
OG0001362,1,0,0
OG0001363,1,0,0
OG0001364,1,0,0
OG0001365,1,0,0
OG0001366,1,0,0
OG0001367,1,0,0
OG0001368,1,0,0
OG0001369,1,0,0
OG0001370,1,0,0
OG0001371,1,0,0
OG0001372,1,0,0
OG0001373,1,0,0
OG0001374,1,0,0
OG0001375,1,0,0
OG0001376,1,0,0
OG0001377,1,0,0
OG0001378,1,0,0
OG0001379,1,0,0
OG0001380,1,0,0
OG0001381,1,0,0
OG0001382,1,0,0
OG0001383,1,0,0
OG0001384,1,0,0
OG0001385,1,0,0
OG0001386,1,0,0
OG0001387,1,0,0
OG0001388,1,0,0
OG0001389,1,0,0
OG0001390,1,0,0
OG0001391,1,0,0
OG0001392,1,0,0
OG0001393,1,0,0
OG0001394,1,0,0
OG0001395,1,0,0
OG0001396,1,0,0
OG0001397,1,0,0
OG0001398,1,0,0
OG0001399,1,0,0
OG0001400,1,0,0
OG0001401,1,0,0
OG0001402,1,0.1,0.166666666666667
OG0001403,1,0,0
OG0001404,1,0,0
OG0001405,1,0,0
OG0001406,1,0,0
OG0001407,1,0,0
OG0001408,1,0,0
OG0001409,1,0,0
OG0001410,0.183333333333333,0.222222222222222,0
OG0001411,1,0,0
OG0001412,0.486666666666667,0,0.166666666666667
OG0001413,1,0.1,0.0769230769230769
OG0001414,0.44,0.1,0
OG0001415,1,0,0
OG0001416,0.23,0,0.272727272727273
OG0001417,1,0,0
OG0001418,1,0,0
OG0001419,1,0.1,0.166666666666667
OG0001420,1,0,0
OG0001421,1,0,0
OG0001422,1,0,0
OG0001423,1,0,0
OG0001424,1,0,0
OG0001425,1,0,0
OG0001426,1,0,0
OG0001427,1,0,0
OG0001428,1,0,0
OG0001429,1,0,0
OG0001430,1,0,0
OG0001431,1,0,0
OG0001432,1,0,0
OG0001433,1,0,0
OG0001434,1,0,0
OG0001435,1,0,0
OG0001436,1,0,0
OG0001437,1,0,0
OG0001438,1,0,0
OG0001439,0.486666666666667,0,0.166666666666667
OG0001440,1,0,0
OG0001441,1,0,0
OG0001442,1,0,0
OG0001443,1,0,0
OG0001444,1,0,0
OG0001445,1,0,0
OG0001446,1,0,0
OG0001447,1,0,0
OG0001448,1,0,0
OG0001449,1,0,0
OG0001450,1,0,0
OG0001451,1,0,0
OG0001452,1,0,0
OG0001453,1,0.1,0.0769230769230769
OG0001454,1,0,0
OG0001455,1,0,0
OG0001456,1,0,0
OG0001457,1,0,0
OG0001458,1,0,0
OG0001459,1,0,0
OG0001460,1,0,0
OG0001461,1,0,0
OG0001462,1,0,0
OG0001463,1,0,0
OG0001464,1,0,0
OG0001465,1,0,0
OG0001466,1,0,0
OG0001467,1,0,0
OG0001468,1,0,0
OG0001469,1,0,0
OG0001470,1,0,0
OG0001471,1,0,0
OG0001472,1,0,0
OG0001473,1,0,0
OG0001474,1,0,0
OG0001475,1,0,0
OG0001476,1,0,0
OG0001477,1,0,0
OG0001478,1,0,0
OG0001479,1,0,0
OG0001480,1,0,0
OG0001481,1,0,0
OG0001482,1,0,0
OG0001483,1,0,0
OG0001484,1,0,0
OG0001485,1,0,0
OG0001486,1,0,0
OG0001487,1,0,0
OG0001488,1,0,0
OG0001489,1,0,0
OG0001490,1,0,0
OG0001491,1,0,0
OG0001492,1,0,0
OG0001493,1,0,0
OG0001494,1,0,0
OG0001495,1,0,0
OG0001496,1,0,0
OG0001497,1,0.1,0.0769230769230769
OG0001498,1,0,0
OG0001499,1,0,0
OG0001500,1,0,0
OG0001501,1,0,0
OG0001502,1,0,0
OG0001503,1,0,0
OG0001504,1,0,0
OG0001505,1,0,0
OG0001506,1,0,0
OG0001507,1,0,0
OG0001508,1,0,0
OG0001509,1,0,0
OG0001510,1,0,0
OG0001511,1,0,0
OG0001512,1,0,0
OG0001513,1,0,0
OG0001514,1,0,0
OG0001515,1,0,0
OG0001516,1,0,0
OG0001517,1,0,0
OG0001518,1,0,0
OG0001519,1,0,0.0769230769230769
OG0001520,1,0,0
OG0001521,1,0,0
OG0001522,1,0,0
OG0001523,1,0.1,0.0769230769230769
OG0001524,1,0,0
OG0001525,1,0,0
OG0001526,1,0,0
OG0001527,1,0.1,0.166666666666667
OG0001528,1,0,0
OG0001529,1,0,0
OG0001530,1,0,0
OG0001531,1,0,0
OG0001532,1,0,0
OG0001533,1,0,0
OG0001534,1,0,0
OG0001535,1,0.1,0.0769230769230769
OG0001541,1,0,0
OG0001542,1,0,0
OG0001543,1,0,0
OG0001544,1,0,0
OG0001545,1,0,0
OG0001546,1,0,0
OG0001547,1,0,0
OG0001548,1,0,0
OG0001549,1,0,0
OG0001550,1,0,0
OG0001551,1,0,0
OG0001552,1,0,0
OG0001553,1,0,0
OG0001554,1,0,0
OG0001555,0.44,0.1,0
OG0001556,1,0,0
OG0001557,1,0,0
OG0001558,1,0,0
OG0001559,1,0,0
OG0001560,0.44,0.1,0
OG0001561,1,0,0
OG0001562,1,0,0
OG0001563,1,0,0
OG0001564,1,0,0
OG0001565,1,0,0
OG0001566,1,0,0
OG0001567,1,0,0
OG0001568,1,0,0
OG0001569,1,0,0
OG0001570,1,0.1,0.166666666666667
OG0001571,1,0,0
OG0001572,1,0,0.0769230769230769
OG0001573,1,0,0
OG0001574,1,0,0
OG0001575,1,0,0
OG0001576,1,0,0
OG0001577,1,0,0
OG0001578,1,0,0
OG0001579,1,0,0
OG0001580,1,0.1,0.166666666666667
OG0001581,1,0,0
OG0001582,1,0,0
OG0001583,1,0,0
OG0001584,1,0,0
OG0001585,1,0,0
OG0001586,1,0,0
OG0001587,1,0,0
OG0001588,1,0,0
OG0001589,1,0,0
OG0001590,1,0,0
OG0001591,1,0,0
OG0001592,1,0,0
OG0001593,1,0,0
OG0001594,1,0,0
OG0001595,1,0,0
OG0001596,1,0,0
OG0001597,1,0,0
OG0001598,1,0,0
OG0001599,1,0,0
OG0001600,1,0,0
OG0001601,1,0,0
OG0001602,1,0,0
OG0001603,1,0,0
OG0001604,1,0,0
OG0001605,1,0,0
OG0001606,1,0,0
OG0001607,1,0,0
OG0001608,1,0,0
OG0001609,1,0,0
OG0001610,1,0,0
OG0001611,1,0,0
OG0001612,1,0,0
OG0001613,1,0,0
OG0001614,1,0,0
OG0001615,1,0,0
OG0001616,1,0,0
OG0001617,1,0,0
OG0001618,1,0,0
OG0001619,1,0,0
OG0001620,1,0,0
OG0001621,1,0,0
OG0001622,1,0,0
OG0001623,1,0,0
OG0001624,1,0,0
OG0001625,1,0,0
OG0001626,1,0,0
OG0001627,1,0,0
OG0001628,1,0,0
OG0001629,1,0,0
OG0001630,1,0,0
OG0001631,1,0,0
OG0001632,1,0,0
OG0001633,1,0,0
OG0001634,1,0,0
OG0001635,1,0,0
OG0001636,1,0.1,0.0769230769230769
OG0001637,1,0,0
OG0001638,1,0,0
OG0001639,1,0,0
OG0001640,1,0,0
OG0001641,1,0,0
OG0001642,1,0,0
OG0001643,1,0,0
OG0001644,1,0,0
OG0001645,1,0,0
OG0001646,1,0,0
OG0001647,1,0,0
OG0001648,1,0,0
OG0001649,1,0,0
OG0001650,1,0,0
OG0001651,1,0,0
OG0001652,1,0,0
OG0001653,1,0,0
OG0001654,1,0,0
OG0001655,1,0.222222222222222,0.166666666666667
OG0001656,1,0,0
OG0001657,1,0,0
OG0001658,1,0.1,0.0769230769230769
OG0001659,0.44,0.1,0
OG0001660,1,0,0.0769230769230769
OG0001661,1,0,0
OG0001667,1,0,0
OG0001669,1,0,0
OG0001670,1,0,0
OG0001671,1,0,0
OG0001672,1,0,0
OG0001673,1,0,0
OG0001674,1,0,0
OG0001675,1,0,0.0769230769230769
OG0001676,1,0,0
OG0001677,1,0,0
OG0001678,1,0,0
OG0001679,1,0,0
OG0001680,1,0,0
OG0001681,1,0,0
OG0001682,1,0,0
OG0001683,1,0,0
OG0001684,1,0,0
OG0001685,1,0,0
OG0001686,1,0,0
OG0001687,1,0,0
OG0001688,1,0,0
OG0001689,1,0,0
OG0001690,1,0,0
OG0001691,1,0,0
OG0001693,1,0,0
OG0001694,1,0,0
OG0001695,1,0,0
OG0001696,1,0,0
OG0001697,1,0,0
OG0001698,1,0,0
OG0001699,1,0,0
OG0001700,1,0,0
OG0001701,1,0,0
OG0001702,1,0,0
OG0001703,0.564782608695652,0.222222222222222,0.0769230769230769
OG0001704,1,0,0
OG0001705,1,0,0
OG0001706,1,0,0
OG0001707,1,0,0
OG0001708,1,0,0
OG0001709,1,0,0
OG0001710,1,0,0
OG0001711,1,0,0
OG0001712,1,0,0
OG0001713,1,0,0
OG0001714,1,0,0
OG0001715,0.44,0.1,0
OG0001716,1,0,0
OG0001717,1,0,0
OG0001718,1,0,0
OG0001719,1,0,0
OG0001720,1,0,0
OG0001721,1,0,0
OG0001722,1,0,0
OG0001723,1,0,0
OG0001724,1,0,0
OG0001725,1,0,0
OG0001726,1,0,0
OG0001727,1,0,0
OG0001728,1,0,0
OG0001729,1,0,0
OG0001730,1,0,0
OG0001731,1,0,0
OG0001732,1,0,0
OG0001733,1,0,0
OG0001734,1,0,0
OG0001735,1,0,0
OG0001736,1,0,0
OG0001737,1,0,0
OG0001738,1,0,0
OG0001739,1,0,0
OG0001740,1,0,0
OG0001741,1,0,0
OG0001742,1,0,0
OG0001743,1,0,0
OG0001744,1,0,0
OG0001745,1,0,0
OG0001746,1,0,0
OG0001747,1,0,0
OG0001748,1,0,0
OG0001749,1,0,0
OG0001750,1,0,0
OG0001751,1,0,0
OG0001752,1,0,0
OG0001753,1,0,0
OG0001754,1,0,0
OG0001755,1,0,0
OG0001756,1,0,0
OG0001757,1,0,0
OG0001758,1,0,0
OG0001759,1,0,0
OG0001760,1,0,0
OG0001761,1,0,0
OG0001762,1,0,0
OG0001763,1,0,0
OG0001764,1,0,0
OG0001765,1,0,0.0769230769230769
OG0001766,1,0,0
OG0001767,1,0,0
OG0001768,1,0,0
OG0001769,1,0,0
OG0001770,1,0,0
OG0001771,1,0,0
OG0001772,1,0,0
OG0001773,1,0,0
OG0001774,1,0,0
OG0001775,1,0,0
OG0001776,1,0,0
OG0001777,1,0,0
OG0001778,1,0,0
OG0001779,1,0,0
OG0001780,1,0,0
OG0001781,1,0,0
OG0001782,1,0,0
OG0001783,1,0,0
OG0001784,1,0,0
OG0001785,1,0,0.0769230769230769
OG0001786,1,0,0
OG0001787,1,0,0
OG0001788,1,0,0
OG0001789,1,0,0
OG0001790,0.44,0.1,0
OG0001791,1,0,0
OG0001792,1,0,0
OG0001793,1,0,0
OG0001794,1,0.222222222222222,0.166666666666667
OG0001795,1,0,0
OG0001796,1,0,0
OG0001797,1,0,0
OG0001798,1,0,0
OG0001799,1,0,0
OG0001800,1,0,0
OG0001801,1,0,0
OG0001802,1,0,0
OG0001803,1,0,0
OG0001804,1,0,0
OG0001805,1,0,0
OG0001806,1,0,0
OG0001807,1,0,0
OG0001808,1,0,0
OG0001809,1,0,0
OG0001810,0.183333333333333,0.222222222222222,0
OG0001811,1,0,0
OG0001812,1,0,0
OG0001814,1,0,0
OG0001815,1,0,0
OG0001816,1,0,0
OG0001817,1,0,0
OG0001818,1,0,0
OG0001819,1,0,0
OG0001820,1,0,0
OG0001821,1,0,0
OG0001822,1,0,0
OG0001823,1,0,0
OG0001824,1,0,0
OG0001825,0.44,0.1,0
OG0001826,1,0,0
OG0001827,1,0,0
OG0001828,1,0,0
OG0001829,1,0,0
OG0001830,0.44,0.1,0
OG0001831,1,0,0
OG0001832,1,0,0
OG0001833,1,0,0
OG0001834,1,0,0
OG0001835,1,0,0
OG0001836,1,0,0
OG0001837,1,0,0
OG0001838,1,0,0
OG0001839,1,0,0
OG0001840,1,0,0
OG0001841,1,0,0
OG0001842,1,0,0
OG0001843,1,0,0
OG0001844,1,0,0
OG0001845,1,0,0
OG0001846,1,0,0
OG0001847,1,0,0
OG0001848,1,0,0
OG0001849,1,0,0
OG0001850,1,0,0
OG0001851,0.44,0.1,0
OG0001852,1,0,0
OG0001853,1,0,0
OG0001854,1,0,0
OG0001855,1,0,0.0769230769230769
OG0001856,1,0,0
OG0001857,1,0,0
OG0001858,1,0,0
OG0001859,1,0,0
OG0001860,1,0,0
OG0001861,1,0,0
OG0001862,1,0,0
OG0001863,1,0,0
OG0001864,1,0,0
OG0001865,1,0,0
OG0001866,1,0,0
OG0001867,1,0,0
OG0001868,1,0,0
OG0001869,1,0,0
OG0001870,1,0,0
OG0001871,1,0,0
OG0001872,1,0,0
OG0001873,1,0,0
OG0001874,1,0,0
OG0001875,1,0,0
OG0001876,1,0,0
OG0001877,1,0,0
OG0001878,1,0,0
OG0001879,1,0,0
OG0001880,1,0,0
OG0001881,1,0,0
OG0001882,1,0,0
OG0001883,1,0,0
OG0001884,1,0,0
OG0001885,1,0,0
OG0001886,1,0,0
OG0001887,1,0,0
OG0001888,1,0,0
OG0001889,1,0,0
OG0001890,1,0.1,0.166666666666667
OG0001891,1,0,0
OG0001892,1,0,0
OG0001893,1,0,0
OG0001894,1,0,0
OG0001895,1,0,0
OG0001896,1,0,0
OG0001897,1,0,0
OG0001898,1,0,0
OG0001899,1,0,0
OG0001900,1,0,0
OG0001901,1,0,0
OG0001902,1,0,0
OG0001903,1,0,0
OG0001904,1,0,0
OG0001905,1,0,0
OG0001906,1,0,0
OG0001907,1,0,0
OG0001908,1,0,0
OG0001909,1,0,0
OG0001910,1,0,0
OG0001911,1,0,0
OG0001912,1,0,0
OG0001913,1,0,0
OG0001914,1,0,0
OG0001915,1,0,0
OG0001916,1,0,0
OG0001917,1,0,0
OG0001918,1,0,0
OG0001919,1,0,0
OG0001920,1,0,0
OG0001921,1,0,0
OG0001922,1,0,0
OG0001923,1,0,0
OG0001924,1,0,0
OG0001925,1,0,0
OG0001926,1,0,0
OG0001927,1,0,0
OG0001928,1,0,0
OG0001929,1,0,0
OG0001930,1,0,0
OG0001931,1,0,0
OG0001932,1,0,0
OG0001933,1,0,0
OG0001934,1,0,0
OG0001935,1,0,0
OG0001936,1,0,0
OG0001937,1,0,0
OG0001938,1,0,0
OG0001939,1,0,0
OG0001940,1,0,0
OG0001941,1,0,0
OG0001942,1,0,0
OG0001943,1,0.1,0.166666666666667
OG0001944,1,0,0
OG0001947,1,0,0
OG0001948,1,0,0
OG0001949,0.486666666666667,0,0.166666666666667
OG0001950,1,0,0
OG0001951,1,0,0
OG0001952,1,0,0
OG0001953,1,0,0
OG0001954,1,0,0
OG0001955,1,0,0
OG0001956,1,0,0
OG0001957,1,0,0
OG0001958,1,0,0
OG0001959,1,0,0
OG0001960,1,0,0
OG0001961,1,0.1,0.166666666666667
OG0001962,1,0,0
OG0001963,1,0,0
OG0001964,1,0,0
OG0001965,1,0,0
OG0001966,1,0,0
OG0001968,1,0,0
OG0001969,1,0,0
OG0001970,1,0,0
OG0001972,1,0,0
OG0001973,1,0,0
OG0001975,1,0,0
OG0001976,1,0,0
OG0001977,1,0,0
OG0001978,1,0,0
OG0001979,1,0,0
OG0001980,1,0,0
OG0001981,1,0,0
OG0001982,1,0,0
OG0001983,1,0,0
OG0001984,1,0,0
OG0001985,1,0,0
OG0001986,1,0,0
OG0001987,1,0,0
OG0001988,1,0,0
OG0001989,1,0,0
OG0001990,1,0,0
OG0001991,1,0,0
OG0001992,1,0,0
OG0001993,1,0,0
OG0001994,1,0,0
OG0001995,1,0,0
OG0001996,1,0,0
OG0001997,1,0,0
OG0001998,1,0,0
OG0001999,1,0,0
OG0002000,1,0,0
OG0002001,1,0,0
OG0002002,1,0,0
OG0002003,1,0,0
OG0002004,1,0,0
OG0002005,1,0,0
OG0002006,1,0,0
OG0002007,1,0,0
OG0002008,1,0,0
OG0002009,1,0,0
OG0002010,1,0,0
OG0002011,1,0,0
OG0002012,1,0,0
OG0002013,1,0,0
OG0002014,1,0,0
OG0002015,1,0,0
OG0002016,1,0,0
OG0002017,1,0,0
OG0002018,1,0,0
OG0002019,1,0,0
OG0002020,1,0,0
OG0002021,1,0,0
OG0002022,1,0,0
OG0002023,1,0,0
OG0002024,1,0,0
OG0002025,1,0,0
OG0002026,1,0,0
OG0002027,1,0,0
OG0002028,1,0,0
OG0002029,1,0,0
OG0002030,1,0,0
OG0002031,1,0,0
OG0002032,1,0,0
OG0002033,1,0,0
OG0002034,1,0,0
OG0002035,1,0,0
OG0002036,1,0,0
OG0002037,1,0,0
OG0002038,1,0,0.0769230769230769
OG0002039,1,0,0
OG0002040,1,0,0
OG0002041,1,0,0
OG0002042,1,0,0
OG0002043,1,0,0
OG0002044,1,0,0
OG0002045,1,0,0
OG0002046,1,0,0
OG0002047,1,0,0
OG0002048,1,0,0
OG0002049,1,0,0
OG0002050,1,0,0
OG0002051,1,0,0
OG0002052,1,0,0
OG0002053,1,0,0
OG0002054,1,0,0
OG0002055,1,0,0
OG0002056,1,0,0
OG0002057,1,0,0
OG0002058,1,0,0
OG0002059,1,0,0
OG0002060,1,0,0
OG0002061,1,0,0
OG0002062,0.44,0.1,0
OG0002063,1,0,0
OG0002064,0.44,0.1,0
OG0002065,1,0,0
OG0002066,1,0,0
OG0002067,1,0,0
OG0002068,1,0,0
OG0002069,1,0,0
OG0002070,1,0,0
OG0002071,1,0,0
OG0002072,1,0,0
OG0002073,1,0,0
OG0002074,1,0,0
OG0002075,1,0,0
OG0002076,1,0,0
OG0002077,1,0,0
OG0002078,1,0,0
OG0002079,1,0,0
OG0002080,1,0,0
OG0002081,1,0,0
OG0002083,1,0,0
OG0002084,1,0,0
OG0002085,1,0,0
OG0002086,1,0,0
OG0002087,1,0,0
OG0002088,1,0,0
OG0002089,1,0,0
OG0002091,1,0,0.0769230769230769
OG0002095,1,0,0
OG0002096,1,0,0
OG0002097,1,0,0
OG0002098,1,0,0
OG0002099,1,0,0
OG0002100,1,0,0.0769230769230769
OG0002101,1,0,0
OG0002102,1,0,0
OG0002103,1,0,0
OG0002104,1,0,0
OG0002105,1,0,0
OG0002106,1,0,0
OG0002107,1,0,0
OG0002108,1,0,0
OG0002109,1,0,0
OG0002110,1,0.1,0.166666666666667
OG0002111,1,0,0.0769230769230769
OG0002112,1,0,0
OG0002114,1,0,0
OG0002115,1,0,0
OG0002116,1,0,0
OG0002117,1,0,0
OG0002118,1,0,0
OG0002119,1,0,0
OG0002120,1,0,0
OG0002121,1,0,0
OG0002122,1,0,0
OG0002123,1,0,0
OG0002124,1,0,0
OG0002125,1,0,0
OG0002126,1,0,0
OG0002127,1,0,0
OG0002128,1,0,0
OG0002129,1,0,0
OG0002130,1,0,0
OG0002131,1,0.1,0.0769230769230769
OG0002132,1,0.1,0.0769230769230769
OG0002133,1,0,0
OG0002134,1,0,0
OG0002135,1,0,0
OG0002136,1,0,0
OG0002137,1,0,0
OG0002138,1,0,0
OG0002139,1,0,0
OG0002140,1,0,0
OG0002141,1,0,0
OG0002142,1,0,0
OG0002143,1,0,0
OG0002144,1,0,0
OG0002145,1,0,0
OG0002146,1,0,0
OG0002147,1,0,0
OG0002148,1,0,0
OG0002149,1,0,0
OG0002150,1,0,0
OG0002151,1,0,0
OG0002152,1,0,0
OG0002153,1,0,0
OG0002154,1,0,0
OG0002155,1,0,0
OG0002156,1,0,0
OG0002157,1,0,0
OG0002158,1,0,0
OG0002159,1,0,0
OG0002160,1,0,0
OG0002161,1,0,0
OG0002162,1,0,0
OG0002163,1,0,0
OG0002164,1,0,0
OG0002165,1,0,0
OG0002166,1,0,0
OG0002167,1,0,0
OG0002168,1,0,0
OG0002169,1,0,0
OG0002170,1,0,0
OG0002171,1,0,0
OG0002172,1,0,0
OG0002173,1,0,0
OG0002174,1,0,0
OG0002175,1,0,0
OG0002176,1,0,0
OG0002177,1,0,0
OG0002178,1,0,0
OG0002179,1,0,0
OG0002180,1,0,0
OG0002181,1,0,0
OG0002182,1,0,0
OG0002183,1,0,0
OG0002184,1,0,0
OG0002185,1,0,0
OG0002186,1,0,0
OG0002187,1,0,0
OG0002188,1,0,0
OG0002189,1,0,0
OG0002190,1,0,0
OG0002191,1,0,0
OG0002192,1,0,0
OG0002193,1,0,0
OG0002194,1,0,0
OG0002195,1,0,0
OG0002196,1,0,0
OG0002197,1,0,0
OG0002198,1,0,0
OG0002199,1,0,0
OG0002200,1,0,0
OG0002201,1,0,0
OG0002202,1,0,0
OG0002203,1,0,0
OG0002204,1,0,0
OG0002205,1,0,0
OG0002206,1,0,0
OG0002207,1,0,0
OG0002208,1,0,0
OG0002209,1,0,0
OG0002210,1,0,0
OG0002211,1,0,0
OG0002212,1,0,0
OG0002213,1,0,0
OG0002214,1,0,0
OG0002215,1,0,0
OG0002216,1,0,0
OG0002217,1,0,0.0769230769230769
OG0002218,1,0,0
OG0002219,1,0,0
OG0002220,1,0,0
OG0002221,1,0,0
OG0002222,1,0,0
OG0002223,1,0,0
OG0002224,1,0,0
OG0002225,1,0,0
OG0002226,1,0,0
OG0002227,1,0,0
OG0002228,1,0,0
OG0002229,1,0,0
OG0002230,1,0,0
OG0002231,1,0,0
OG0002232,1,0,0
OG0002233,1,0,0
OG0002234,1,0,0
OG0002235,1,0,0
OG0002236,1,0,0
OG0002237,1,0,0
OG0002238,1,0,0
OG0002239,1,0,0
OG0002240,1,0,0
OG0002241,1,0,0
OG0002242,1,0,0
OG0002243,1,0,0
OG0002244,1,0,0
OG0002245,1,0,0
OG0002246,1,0,0
OG0002247,1,0,0
OG0002248,0.44,0.1,0
OG0002249,1,0,0.0769230769230769
OG0002250,1,0,0
OG0002253,1,0,0
OG0002254,1,0,0
OG0002255,1,0,0
OG0002256,1,0,0
OG0002257,1,0,0
OG0002259,1,0,0
OG0002260,0.44,0.1,0
OG0002261,1,0,0
OG0002262,1,0,0
OG0002263,1,0,0
OG0002264,1,0,0
OG0002265,1,0,0
OG0002266,1,0,0
OG0002267,1,0,0.0769230769230769
OG0002268,1,0,0
OG0002269,1,0,0
OG0002270,1,0,0
OG0002271,0.44,0.1,0
OG0002272,1,0,0
OG0002273,1,0,0
OG0002274,1,0,0
OG0002275,1,0,0
OG0002276,1,0,0
OG0002277,1,0,0
OG0002278,1,0,0
OG0002279,1,0,0
OG0002280,1,0.1,0.0769230769230769
OG0002281,1,0,0
OG0002282,1,0,0
OG0002283,1,0,0
OG0002284,1,0,0
OG0002285,1,0,0
OG0002286,1,0,0
OG0002287,1,0,0
OG0002288,1,0,0
OG0002289,1,0,0
OG0002290,1,0,0
OG0002291,1,0,0
OG0002292,1,0,0
OG0002293,1,0,0
OG0002294,1,0,0
OG0002295,1,0,0
OG0002296,1,0,0
OG0002297,1,0,0
OG0002298,1,0,0
OG0002299,1,0,0
OG0002300,1,0,0
OG0002301,1,0,0
OG0002302,1,0,0
OG0002303,1,0,0
OG0002304,1,0,0
OG0002305,0.44,0.1,0
OG0002306,1,0,0
OG0002307,1,0,0
OG0002308,1,0,0
OG0002309,1,0,0
OG0002310,1,0,0
OG0002311,1,0,0
OG0002312,1,0,0
OG0002313,1,0,0
OG0002314,1,0,0
OG0002315,1,0,0
OG0002316,1,0,0
OG0002317,1,0,0
OG0002318,1,0,0
OG0002319,1,0,0
OG0002320,1,0,0
OG0002321,1,0,0
OG0002322,1,0,0
OG0002323,1,0,0
OG0002324,1,0,0
OG0002325,1,0,0
OG0002326,1,0,0
OG0002327,1,0,0
OG0002328,1,0,0
OG0002329,1,0,0
OG0002330,1,0,0
OG0002331,1,0,0.0769230769230769
OG0002332,1,0,0
OG0002333,1,0,0
OG0002334,1,0,0
OG0002335,1,0,0
OG0002336,1,0,0
OG0002337,1,0,0
OG0002338,0.44,0.1,0
OG0002339,1,0,0
OG0002340,1,0,0
OG0002341,1,0,0
OG0002342,1,0,0
OG0002343,1,0,0
OG0002344,1,0,0
OG0002345,1,0,0
OG0002346,1,0,0
OG0002347,1,0,0
OG0002348,1,0,0
OG0002349,1,0,0
OG0002350,1,0,0
OG0002351,1,0,0
OG0002352,1,0,0
OG0002353,1,0,0
OG0002354,1,0,0
OG0002355,1,0,0
OG0002356,1,0,0
OG0002357,1,0,0
OG0002358,1,0,0
OG0002359,1,0,0
OG0002360,1,0,0
OG0002361,1,0,0
OG0002362,1,0,0
OG0002363,1,0,0
OG0002364,1,0,0
OG0002365,1,0,0
OG0002366,1,0,0
OG0002367,1,0,0
OG0002368,1,0,0
OG0002369,1,0,0
OG0002370,1,0,0
OG0002371,1,0,0
OG0002372,1,0,0
OG0002373,1,0,0
OG0002374,0.44,0.1,0
OG0002377,1,0,0
OG0002379,1,0,0
OG0002381,1,0,0
OG0002382,1,0,0
OG0002383,1,0,0
OG0002384,1,0,0
OG0002385,1,0.1,0.0769230769230769
OG0002386,1,0,0
OG0002387,1,0,0
OG0002388,1,0,0
OG0002389,1,0,0
OG0002390,1,0,0
OG0002391,0.44,0.1,0
OG0002392,1,0,0
OG0002393,1,0,0
OG0002394,1,0,0.0769230769230769
OG0002395,1,0,0
OG0002396,1,0,0
OG0002397,1,0,0
OG0002398,1,0,0.0769230769230769
OG0002399,1,0,0
OG0002400,1,0,0
OG0002401,1,0,0
OG0002402,1,0,0
OG0002403,1,0,0
OG0002405,1,0,0
OG0002406,1,0,0
OG0002407,1,0,0
OG0002408,1,0,0
OG0002409,1,0,0
OG0002410,1,0,0
OG0002411,1,0,0
OG0002412,1,0,0
OG0002413,1,0,0
OG0002414,1,0,0
OG0002415,1,0,0
OG0002416,1,0,0
OG0002417,1,0,0
OG0002418,1,0,0
OG0002419,1,0,0
OG0002420,1,0,0
OG0002421,1,0,0
OG0002422,1,0,0
OG0002423,1,0,0
OG0002424,1,0,0
OG0002425,1,0,0
OG0002426,0.44,0.1,0
OG0002427,1,0,0
OG0002428,1,0,0
OG0002429,1,0,0
OG0002430,1,0,0
OG0002431,1,0,0
OG0002432,1,0,0
OG0002433,0.44,0.1,0
OG0002434,1,0,0
OG0002435,1,0,0
OG0002436,1,0,0
OG0002437,1,0,0
OG0002438,1,0,0
OG0002439,1,0,0
OG0002440,1,0,0
OG0002441,1,0,0
OG0002442,1,0,0
OG0002443,1,0,0
OG0002444,1,0,0
OG0002445,1,0,0
OG0002446,1,0,0
OG0002447,1,0,0
OG0002448,1,0,0
OG0002449,1,0,0
OG0002450,1,0,0
OG0002451,1,0,0
OG0002452,1,0,0
OG0002453,1,0,0
OG0002454,1,0,0
OG0002455,1,0,0
OG0002456,1,0,0
OG0002457,1,0,0
OG0002458,1,0,0
OG0002459,1,0,0
OG0002460,1,0,0
OG0002461,1,0,0
OG0002462,1,0,0
OG0002464,1,0,0
OG0002465,1,0,0
OG0002466,1,0,0
OG0002467,1,0,0
OG0002468,1,0,0
OG0002469,1,0,0
OG0002470,1,0,0
OG0002471,1,0,0
OG0002472,1,0,0
OG0002473,1,0,0
OG0002474,1,0,0
OG0002475,1,0,0
OG0002477,1,0,0
OG0002478,1,0,0
OG0002480,1,0,0
OG0002481,1,0,0
OG0002482,1,0.1,0.166666666666667
OG0002483,1,0,0
OG0002484,1,0,0
OG0002491,1,0,0
OG0002492,1,0,0
OG0002493,1,0,0
OG0002494,1,0.375,0.4
OG0002495,1,0,0
OG0002496,1,0,0
OG0002497,1,0,0
OG0002498,1,0,0
OG0002499,1,0,0
OG0002500,1,0,0
OG0002501,1,0,0
OG0002502,1,0,0
OG0002503,1,0,0
OG0002504,1,0,0
OG0002505,1,0,0
OG0002506,1,0,0
OG0002507,1,0,0
OG0002508,1,0,0
OG0002509,1,0,0
OG0002510,1,0,0
OG0002511,1,0,0
OG0002512,1,0,0
OG0002513,1,0,0
OG0002514,1,0,0
OG0002515,1,0,0
OG0002516,1,0,0
OG0002517,1,0,0
OG0002518,1,0,0
OG0002519,1,0,0
OG0002520,1,0,0.0769230769230769
OG0002521,1,0,0
OG0002522,1,0,0
OG0002523,1,0,0
OG0002524,1,0,0
OG0002525,0.183333333333333,0.222222222222222,0
OG0002526,1,0,0
OG0002527,1,0,0
OG0002528,1,0,0
OG0002529,1,0,0
OG0002530,1,0,0
OG0002531,1,0,0
OG0002532,1,0,0
OG0002533,1,0,0
OG0002534,1,0,0
OG0002535,1,0,0
OG0002536,1,0.1,0.0769230769230769
OG0002537,1,0,0
OG0002538,1,0,0
OG0002539,1,0,0
OG0002540,1,0,0
OG0002541,1,0,0
OG0002542,1,0,0
OG0002543,1,0,0
OG0002544,1,0,0
OG0002545,1,0,0
OG0002546,1,0,0
OG0002547,1,0,0
OG0002548,1,0,0
OG0002549,1,0,0
OG0002550,1,0,0
OG0002551,1,0,0
OG0002552,1,0,0
OG0002553,1,0,0
OG0002554,1,0,0
OG0002556,1,0,0
OG0002557,1,0,0
OG0002558,1,0,0
OG0002559,1,0,0
OG0002560,0.44,0.1,0
OG0002561,1,0.222222222222222,0.166666666666667
OG0002562,0.623188405797101,0.375,0.166666666666667
OG0002564,1,0,0
OG0002565,0.564782608695652,0.222222222222222,0.0769230769230769
OG0002566,1,0.222222222222222,0.272727272727273
OG0002571,1,0,0
OG0002572,1,0,0
OG0002573,1,0,0
OG0002574,1,0,0
OG0002575,1,0,0
OG0002576,1,0,0
OG0002577,1,0,0
OG0002578,1,0,0
OG0002579,1,0,0
OG0002580,1,0,0
OG0002581,1,0.1,0.0769230769230769
OG0002582,1,0,0
OG0002583,1,0,0
OG0002584,1,0,0
OG0002585,1,0,0
OG0002586,1,0,0
OG0002587,1,0,0
OG0002588,1,0,0
OG0002589,1,0,0
OG0002590,1,0,0
OG0002591,1,0,0
OG0002592,0.44,0.1,0
OG0002593,0.486666666666667,0,0.166666666666667
OG0002594,1,0,0
OG0002595,1,0,0
OG0002596,1,0,0
OG0002597,1,0,0
OG0002598,1,0,0
OG0002599,1,0,0
OG0002600,1,0,0
OG0002601,1,0,0
OG0002602,1,0,0
OG0002603,1,0,0
OG0002604,1,0,0
OG0002605,0.486666666666667,0,0.166666666666667
OG0002606,0.486666666666667,0,0.166666666666667
OG0002607,1,0,0
OG0002608,1,0,0
OG0002609,1,0,0
OG0002610,1,0,0
OG0002611,0.564782608695652,0.222222222222222,0.0769230769230769
OG0002612,1,0,0
OG0002613,1,0,0
OG0002614,1,0,0
OG0002615,1,0,0
OG0002616,1,0.1,0.0769230769230769
OG0002617,1,0,0
OG0002618,1,0.1,0.0769230769230769
OG0002619,1,0,0
OG0002620,1,0,0
OG0002621,1,0,0
OG0002622,1,0,0
OG0002623,1,0,0
OG0002624,1,0,0
OG0002625,1,0,0
OG0002626,1,0,0
OG0002627,1,0,0
OG0002628,1,0,0
OG0002629,1,0,0
OG0002630,1,0,0
OG0002631,1,0,0
OG0002632,1,0,0
OG0002633,1,0,0
OG0002634,1,0,0
OG0002635,0.44,0.1,0
OG0002636,1,0.1,0.0769230769230769
OG0002640,1,0,0
OG0002641,1,0,0
OG0002642,0.287826086956522,0.375,0.0769230769230769
OG0002643,1,0,0
OG0002644,0.44,0.1,0
OG0002645,0.44,0.1,0
OG0002646,1,0,0
OG0002647,1,0,0.0769230769230769
OG0002648,1,0,0
OG0002649,1,0,0.0769230769230769
OG0002650,1,0,0
OG0002651,1,0,0.0769230769230769
OG0002652,1,0,0
OG0002653,1,0,0
OG0002654,1,0,0
OG0002655,1,0,0
OG0002656,1,0,0
OG0002657,1,0,0
OG0002658,1,0,0
OG0002659,1,0,0
OG0002661,1,0,0
OG0002662,1,0,0
OG0002663,1,0,0
OG0002664,1,0,0
OG0002665,1,0,0
OG0002666,1,0,0
OG0002667,1,0,0
OG0002668,1,0,0
OG0002669,1,0,0
OG0002670,1,0,0
OG0002671,1,0,0
OG0002672,1,0,0
OG0002673,1,0,0
OG0002674,1,0,0
OG0002675,1,0,0
OG0002676,1,0,0
OG0002677,1,0,0
OG0002678,1,0,0
OG0002679,1,0,0
OG0002680,1,0,0
OG0002681,1,0,0
OG0002682,1,0,0
OG0002683,0.183333333333333,0.222222222222222,0
OG0002684,1,0,0
OG0002685,1,0,0
OG0002686,1,0,0
OG0002687,1,0,0
OG0002688,1,0,0
OG0002689,1,0,0
OG0002691,1,0,0
OG0002692,1,0,0
OG0002693,1,0,0
OG0002694,1,0,0
OG0002696,1,0.1,0.0769230769230769
OG0002698,1,0,0
OG0002699,1,0,0
OG0002700,0.105217391304348,0,0.4
OG0002701,1,0,0
OG0002702,1,0,0
OG0002703,1,0,0
OG0002704,1,0,0
OG0002705,1,0,0
OG0002706,1,0,0
OG0002707,1,0,0
OG0002708,0.44,0.1,0
OG0002709,1,0,0
OG0002710,1,0,0
OG0002711,1,0,0
OG0002712,1,0,0
OG0002713,0.44,0.1,0
OG0002714,1,0,0
OG0002715,1,0,0
OG0002716,1,0,0
OG0002717,1,0,0.0769230769230769
OG0002718,1,0,0
OG0002719,1,0,0
OG0002720,0.44,0.1,0
OG0002721,1,0,0.0769230769230769
OG0002722,1,0,0
OG0002723,1,0,0
OG0002724,1,0,0
OG0002725,1,0,0
OG0002726,1,0,0
OG0002727,0.623188405797101,0.375,0.166666666666667
OG0002729,1,0,0
OG0002730,1,0,0.0769230769230769
OG0002731,1,0,0
OG0002732,1,0,0
OG0002733,1,0,0
OG0002734,1,0,0
OG0002735,1,0,0
OG0002736,1,0,0
OG0002737,1,0,0
OG0002738,1,0,0
OG0002739,1,0,0
OG0002740,0.564782608695652,0.222222222222222,0.0769230769230769
OG0002741,1,0,0
OG0002742,1,0,0
OG0002743,1,0,0
OG0002744,1,0,0.0769230769230769
OG0002745,1,0,0
OG0002746,1,0,0
OG0002747,1,0,0
OG0002748,1,0,0
OG0002749,1,0,0
OG0002750,1,0,0
OG0002751,1,0,0
OG0002752,1,0,0
OG0002753,1,0,0
OG0002754,1,0,0
OG0002755,1,0,0
OG0002756,1,0,0
OG0002759,0.44,0.1,0
OG0002760,1,0,0
OG0002761,1,0,0
OG0002762,1,0,0
OG0002763,1,0,0
OG0002764,1,0,0
OG0002765,1,0,0
OG0002766,1,0,0
OG0002767,1,0,0
OG0002768,1,0,0
OG0002769,1,0,0
OG0002770,1,0,0
OG0002771,0.44,0.1,0
OG0002772,1,0,0
OG0002773,0.44,0.1,0
OG0002774,1,0,0
OG0002775,1,0,0
OG0002776,1,0,0
OG0002777,1,0,0
OG0002778,1,0,0
OG0002779,0.183333333333333,0.222222222222222,0
OG0002780,1,0,0
OG0002781,1,0,0
OG0002782,1,0,0
OG0002783,1,0,0
OG0002784,1,0,0
OG0002785,1,0,0
OG0002786,0.44,0.1,0
OG0002787,1,0,0
OG0002788,1,0.1,0.0769230769230769
OG0002789,1,0,0
OG0002790,1,0,0
OG0002791,1,0,0
OG0002792,1,0,0
OG0002793,1,0,0
OG0002794,1,0,0
OG0002795,1,0,0
OG0002796,1,0,0
OG0002797,1,0,0
OG0002798,1,0,0
OG0002800,0.44,0.1,0
OG0002801,1,0,0
OG0002802,1,0,0
OG0002803,1,0,0
OG0002804,1,0,0.0769230769230769
OG0002805,1,0,0
OG0002806,1,0,0
OG0002807,1,0,0
OG0002808,1,0,0.0769230769230769
OG0002809,1,0,0
OG0002810,1,0,0
OG0002811,1,0,0
OG0002812,1,0,0
OG0002813,1,0,0
OG0002814,1,0.222222222222222,0.272727272727273
OG0002815,1,0,0
OG0002816,0.44,0.1,0
OG0002817,1,0,0
OG0002818,1,0,0
OG0002819,1,0,0
OG0002820,1,0,0
OG0002822,1,0.1,0.0769230769230769
OG0002823,1,0,0.0769230769230769
OG0002826,1,0,0
OG0002830,0.656407322654462,0.571428571428571,0.272727272727273
OG0002833,1,0,0
OG0002834,0.44,0.1,0
OG0002835,1,0,0
OG0002836,1,0.1,0.0769230769230769
OG0002837,0.183333333333333,0.222222222222222,0
OG0002838,1,0,0
OG0002839,1,0,0
OG0002840,1,0,0
OG0002841,0.44,0.1,0
OG0002842,1,0,0
OG0002843,1,0,0
OG0002844,1,0,0
OG0002845,1,0,0
OG0002846,1,0,0
OG0002847,1,0,0
OG0002848,1,0,0
OG0002849,1,0,0
OG0002851,1,0,0
OG0002852,1,0,0
OG0002853,1,0,0
OG0002854,1,0,0
OG0002855,1,0,0
OG0002856,1,0,0
OG0002857,1,0,0
OG0002858,1,0,0
OG0002859,1,0,0
OG0002860,1,0,0
OG0002861,1,0,0
OG0002862,0.44,0.1,0
OG0002863,1,0,0
OG0002864,1,0,0
OG0002865,1,0,0
OG0002866,1,0,0
OG0002867,1,0,0
OG0002868,1,0,0
OG0002869,1,0,0
OG0002870,1,0,0
OG0002871,1,0,0
OG0002872,1,0,0
OG0002873,1,0,0.0769230769230769
OG0002874,1,0,0
OG0002875,1,0,0
OG0002876,0.44,0.1,0
OG0002877,1,0,0
OG0002878,1,0,0
OG0002879,1,0,0
OG0002880,1,0,0
OG0002881,1,0,0.0769230769230769
OG0002882,1,0,0
OG0002883,1,0,0
OG0002884,1,0,0
OG0002885,0.564782608695652,0.222222222222222,0.0769230769230769
OG0002886,1,0,0.0769230769230769
OG0002889,1,0,0
OG0002890,0.44,0.1,0
OG0002891,1,0.1,0.0769230769230769
OG0002894,1,0,0
OG0002900,1,0,0
OG0002901,1,0,0
OG0002902,1,0,0
OG0002903,1,0,0
OG0002904,1,0,0
OG0002905,1,0,0
OG0002906,1,0,0
OG0002907,1,0,0
OG0002908,1,0,0
OG0002909,1,0,0
OG0002910,1,0,0
OG0002911,1,0,0
OG0002912,1,0,0
OG0002913,1,0,0.0769230769230769
OG0002914,1,0,0
OG0002915,1,0,0
OG0002916,1,0,0
OG0002917,1,0,0
OG0002918,1,0,0
OG0002919,1,0,0
OG0002920,1,0,0
OG0002921,0.44,0.1,0
OG0002922,1,0,0
OG0002923,1,0,0
OG0002924,1,0,0
OG0002925,1,0,0
OG0002926,1,0.1,0.0769230769230769
OG0002927,1,0,0.0769230769230769
OG0002928,1,0,0
OG0002929,1,0,0
OG0002930,1,0,0
OG0002931,1,0,0
OG0002932,1,0,0
OG0002933,1,0,0
OG0002934,1,0,0
OG0002935,1,0,0
OG0002936,1,0,0
OG0002937,1,0,0
OG0002939,0.44,0.1,0
OG0002940,1,0,0
OG0002941,1,0,0
OG0002942,1,0,0
OG0002943,1,0,0
OG0002944,1,0,0
OG0002945,1,0,0
OG0002946,1,0,0
OG0002947,1,0,0
OG0002948,1,0,0
OG0002950,1,0,0
OG0002951,1,0,0
OG0002952,1,0,0
OG0002953,1,0,0
OG0002954,1,0,0
OG0002955,0.44,0.1,0
OG0002956,1,0,0
OG0002957,1,0,0
OG0002958,1,0,0
OG0002959,1,0,0
OG0002960,0.564782608695652,0.222222222222222,0.0769230769230769
OG0002961,1,0.1,0.0769230769230769
OG0002962,1,0,0
OG0002971,0.44,0.1,0
OG0002972,1,0,0
OG0002973,1,0,0
OG0002974,1,0,0
OG0002975,1,0.1,0.0769230769230769
OG0002976,1,0,0
OG0002977,1,0,0
OG0002978,1,0,0
OG0002979,1,0,0
OG0002980,1,0,0
OG0002981,1,0,0
OG0002982,1,0,0
OG0002983,1,0,0
OG0002984,1,0,0
OG0002985,1,0,0
OG0002986,1,0,0
OG0002987,1,0,0
OG0002988,1,0,0
OG0002989,1,0,0
OG0002990,1,0,0
OG0002991,1,0,0
OG0002992,1,0,0
OG0002993,1,0,0
OG0002994,1,0,0
OG0002995,1,0,0
OG0002996,1,0,0
OG0002997,1,0,0
OG0002998,1,0,0
OG0002999,1,0,0
OG0003000,1,0,0
OG0003002,1,0,0
OG0003003,1,0,0
OG0003004,0.486666666666667,0,0.166666666666667
OG0003005,1,0,0
OG0003006,1,0,0
OG0003007,1,0,0
OG0003008,1,0,0
OG0003009,1,0,0
OG0003010,1,0,0
OG0003011,1,0.375,0.272727272727273
OG0003012,1,0,0
OG0003013,1,0,0
OG0003015,1,0,0
OG0003016,1,0,0
OG0003017,1,0,0
OG0003018,1,0,0
OG0003019,1,0,0
OG0003020,0.44,0.1,0
OG0003021,1,0,0
OG0003022,1,0,0
OG0003024,1,0,0
OG0003026,1,0,0
OG0003027,1,0,0
OG0003028,1,0,0
OG0003029,1,0,0
OG0003030,1,0,0
OG0003031,1,0,0
OG0003032,1,0,0
OG0003033,1,0,0
OG0003034,1,0,0
OG0003035,1,0,0
OG0003036,1,0,0
OG0003037,1,0.1,0.0769230769230769
OG0003038,1,0,0
OG0003039,1,0,0.0769230769230769
OG0003040,1,0,0
OG0003041,1,0,0
OG0003042,1,0,0
OG0003043,1,0,0
OG0003044,1,0,0
OG0003045,1,0,0
OG0003046,1,0,0
OG0003047,1,0,0
OG0003048,1,0,0
OG0003049,1,0,0
OG0003050,1,0,0
OG0003051,1,0,0
OG0003052,1,0,0
OG0003053,1,0,0
OG0003054,1,0,0
OG0003055,1,0,0
OG0003056,1,0,0
OG0003057,1,0,0.0769230769230769
OG0003058,1,0,0
OG0003059,1,0,0
OG0003060,1,0,0
OG0003061,1,0,0
OG0003062,1,0,0
OG0003063,1,0,0
OG0003064,1,0,0
OG0003065,1,0,0
OG0003066,1,0,0
OG0003067,1,0,0
OG0003068,1,0,0
OG0003069,1,0,0
OG0003070,1,0,0
OG0003071,1,0,0
OG0003072,1,0,0
OG0003073,1,0,0
OG0003074,1,0,0
OG0003075,1,0,0
OG0003076,1,0,0
OG0003077,1,0,0
OG0003078,1,0,0
OG0003079,0.44,0.1,0
OG0003080,0.564782608695652,0.222222222222222,0.0769230769230769
OG0003081,1,0,0
OG0003082,1,0.1,0.0769230769230769
OG0003083,1,0,0
OG0003084,1,0,0
OG0003085,0.486666666666667,0,0.166666666666667
OG0003086,1,0,0
OG0003087,1,0,0
OG0003088,1,0,0
OG0003089,1,0,0
OG0003090,1,0,0
OG0003093,1,0,0
OG0003096,1,0.1,0.0769230769230769
OG0003097,1,0,0
OG0003098,1,0.1,0.166666666666667
OG0003099,1,0,0
OG0003100,1,0,0
OG0003101,1,0,0
OG0003102,1,0,0
OG0003103,1,0,0
OG0003104,1,0,0
OG0003105,1,0,0
OG0003107,1,0,0
OG0003108,1,0,0
OG0003109,1,0,0
OG0003110,0.44,0.1,0
OG0003111,1,0,0
OG0003112,1,0,0
OG0003113,0.183333333333333,0.222222222222222,0
OG0003114,1,0,0
OG0003115,1,0,0
OG0003116,1,0,0.0769230769230769
OG0003117,1,0,0
OG0003118,0.486666666666667,0,0.166666666666667
OG0003119,1,0,0
OG0003120,1,0,0.0769230769230769
OG0003121,0.340579710144927,0.1,0.4
OG0003122,1,0,0
OG0003123,1,0,0
OG0003124,1,0,0
OG0003125,1,0,0
OG0003126,1,0,0
OG0003127,1,0,0
OG0003128,1,0,0
OG0003129,1,0.1,0.166666666666667
OG0003130,1,0,0
OG0003131,1,0,0
OG0003132,1,0,0
OG0003133,1,0,0
OG0003134,1,0,0
OG0003135,1,0,0
OG0003136,1,0,0
OG0003137,1,0,0
OG0003138,1,0,0
OG0003139,1,0,0
OG0003140,1,0,0
OG0003141,0.486666666666667,0,0.166666666666667
OG0003142,1,0,0
OG0003143,1,0,0
OG0003144,1,0.1,0.166666666666667
OG0003145,1,0,0
OG0003146,1,0,0
OG0003147,1,0,0
OG0003148,1,0,0
OG0003149,1,0,0
OG0003150,1,0,0
OG0003151,1,0,0.0769230769230769
OG0003152,1,0,0
OG0003153,1,0,0
OG0003154,1,0,0
OG0003155,1,0,0
OG0003156,1,0,0
OG0003157,1,0,0
OG0003158,1,0,0
OG0003159,1,0,0
OG0003160,1,0,0
OG0003161,1,0,0
OG0003162,1,0,0
OG0003163,1,0,0
OG0003164,1,0,0
OG0003166,0.44,0.1,0
OG0003167,1,0,0
OG0003168,1,0,0
OG0003170,0.44,0.1,0
OG0003171,1,0,0
OG0003172,1,0,0
OG0003180,1,0,0
OG0003181,1,0,0
OG0003182,1,0,0
OG0003183,1,0,0
OG0003184,1,0,0
OG0003185,1,0,0
OG0003186,1,0,0.0769230769230769
OG0003187,1,0,0
OG0003188,1,0,0
OG0003189,0.44,0.1,0
OG0003190,1,0,0
OG0003191,1,0,0.0769230769230769
OG0003192,1,0,0
OG0003193,1,0,0
OG0003194,1,0,0
OG0003195,1,0,0
OG0003196,1,0,0
OG0003197,1,0,0
OG0003198,1,0,0
OG0003199,1,0,0
OG0003200,0.44,0.1,0
OG0003201,1,0,0
OG0003202,1,0,0
OG0003203,1,0,0
OG0003204,1,0,0
OG0003205,1,0.222222222222222,0.272727272727273
OG0003206,1,0,0
OG0003207,1,0,0
OG0003208,1,0,0
OG0003209,1,0,0
OG0003210,1,0,0
OG0003211,1,0,0
OG0003212,1,0,0
OG0003213,1,0,0
OG0003214,1,0,0
OG0003215,1,0,0
OG0003216,1,0,0
OG0003217,1,0,0
OG0003218,1,0,0
OG0003219,1,0,0
OG0003220,1,0,0
OG0003221,1,0,0
OG0003222,1,0.1,0.166666666666667
OG0003223,1,0,0.0769230769230769
OG0003224,1,0,0.0769230769230769
OG0003225,1,0,0
OG0003226,1,0,0
OG0003227,1,0,0
OG0003228,1,0,0.0769230769230769
OG0003229,1,0,0
OG0003230,1,0,0
OG0003231,1,0,0
OG0003232,1,0,0
OG0003233,1,0,0
OG0003234,1,0,0
OG0003235,1,0,0
OG0003236,1,0,0
OG0003237,1,0,0
OG0003238,1,0,0
OG0003239,1,0,0
OG0003240,1,0,0
OG0003241,1,0,0.0769230769230769
OG0003242,1,0,0
OG0003243,1,0,0
OG0003244,1,0,0
OG0003245,1,0,0
OG0003246,1,0,0
OG0003247,1,0,0
OG0003248,1,0,0
OG0003249,1,0,0
OG0003250,1,0,0
OG0003251,1,0,0
OG0003252,1,0,0
OG0003253,1,0,0
OG0003254,1,0,0
OG0003255,1,0,0
OG0003257,1,0,0
OG0003258,1,0.1,0.0769230769230769
OG0003259,1,0,0
OG0003260,1,0,0
OG0003262,1,0,0
OG0003263,1,0,0
OG0003268,1,0,0.0769230769230769
OG0003269,0.604347826086956,0.1,0.272727272727273
OG0003270,0.44,0.1,0
OG0003276,1,0,0
OG0003277,1,0,0
OG0003278,0.486666666666667,0,0.166666666666667
OG0003279,1,0,0
OG0003280,0.604347826086956,0.1,0.272727272727273
OG0003281,1,0,0
OG0003282,1,0.1,0.166666666666667
OG0003283,1,0,0
OG0003284,0.564782608695652,0.222222222222222,0.0769230769230769
OG0003285,1,0,0
OG0003286,0.486666666666667,0,0.166666666666667
OG0003287,1,0,0
OG0003288,1,0,0
OG0003289,1,0,0
OG0003290,1,0,0
OG0003291,1,0,0
OG0003292,1,0,0
OG0003293,1,0,0
OG0003294,1,0,0
OG0003295,1,0,0
OG0003296,1,0,0
OG0003297,1,0,0
OG0003298,1,0,0
OG0003299,1,0,0
OG0003300,1,0,0
OG0003301,1,0,0
OG0003302,1,0,0
OG0003303,1,0,0
OG0003304,1,0,0
OG0003305,1,0,0
OG0003306,1,0,0
OG0003307,1,0,0
OG0003308,0.44,0.1,0
OG0003309,1,0,0
OG0003310,1,0,0
OG0003311,1,0,0
OG0003312,1,0,0
OG0003313,0.44,0.1,0
OG0003314,1,0,0
OG0003315,1,0,0
OG0003316,1,0,0
OG0003317,1,0,0
OG0003318,1,0,0
OG0003319,1,0,0
OG0003320,1,0,0
OG0003321,1,0,0
OG0003322,1,0,0
OG0003323,1,0,0
OG0003324,1,0,0
OG0003325,1,0,0
OG0003326,1,0,0
OG0003327,1,0,0
OG0003328,1,0,0
OG0003329,1,0,0
OG0003330,1,0,0
OG0003331,1,0,0
OG0003332,1,0,0
OG0003333,1,0,0.0769230769230769
OG0003334,1,0,0
OG0003335,1,0,0
OG0003336,1,0,0
OG0003337,1,0,0
OG0003338,1,0,0
OG0003339,1,0,0.0769230769230769
OG0003340,1,0,0
OG0003341,1,0,0
OG0003342,1,0,0
OG0003343,1,0,0
OG0003344,1,0,0
OG0003345,1,0,0
OG0003346,1,0,0
OG0003347,1,0,0
OG0003348,1,0,0
OG0003349,1,0,0
OG0003350,1,0,0
OG0003352,1,0,0
OG0003353,1,0,0
OG0003354,1,0,0
OG0003355,1,0,0
OG0003356,1,0,0
OG0003357,1,0,0
OG0003358,1,0,0
OG0003360,1,0.1,0.0769230769230769
OG0003362,1,0,0
OG0003363,1,0,0
OG0003364,1,0,0
OG0003365,1,0,0
OG0003367,0.44,0.1,0
OG0003369,1,0,0.0769230769230769
OG0003370,1,0,0.0769230769230769
OG0003373,1,0,0
OG0003374,0.44,0.1,0
OG0003375,1,0,0.0769230769230769
OG0003376,1,0,0
OG0003378,1,0,0
OG0003379,1,0,0
OG0003380,1,0,0
OG0003381,1,0,0
OG0003382,1,0.1,0.0769230769230769
OG0003383,1,0,0
OG0003385,1,0,0
OG0003386,1,0,0
OG0003387,1,0,0
OG0003388,1,0,0
OG0003389,0.44,0.1,0
OG0003390,1,0,0
OG0003391,0.44,0.1,0
OG0003392,1,0,0
OG0003393,1,0,0
OG0003394,1,0,0
OG0003395,1,0,0
OG0003397,1,0,0
OG0003398,0.44,0.1,0
OG0003399,1,0,0
OG0003400,1,0,0
OG0003401,1,0,0
OG0003402,1,0,0
OG0003403,1,0,0
OG0003404,1,0,0
OG0003405,1,0,0.0769230769230769
OG0003406,1,0,0
OG0003407,1,0,0
OG0003408,1,0,0
OG0003409,1,0,0
OG0003410,1,0,0
OG0003411,1,0,0
OG0003412,1,0,0
OG0003413,1,0,0
OG0003414,1,0,0
OG0003415,1,0,0
OG0003416,1,0,0
OG0003417,1,0,0
OG0003418,1,0,0
OG0003419,1,0,0
OG0003420,1,0,0
OG0003421,1,0,0
OG0003422,1,0,0
OG0003423,1,0,0
OG0003424,1,0,0
OG0003425,1,0,0
OG0003427,1,0,0
OG0003428,1,0,0
OG0003429,1,0,0
OG0003430,1,0,0
OG0003431,1,0,0
OG0003432,1,0,0
OG0003433,1,0,0
OG0003434,1,0,0
OG0003435,1,0,0
OG0003436,1,0,0
OG0003437,1,0,0
OG0003438,1,0,0
OG0003439,1,0,0
OG0003440,1,0,0
OG0003441,1,0,0
OG0003442,1,0,0
OG0003443,1,0,0
OG0003444,1,0,0
OG0003445,1,0,0
OG0003446,1,0,0
OG0003447,1,0,0
OG0003448,1,0,0
OG0003450,1,0,0
OG0003451,1,0,0
OG0003452,1,0,0
OG0003454,1,0,0
OG0003455,1,0,0
OG0003456,1,0,0
OG0003457,1,0,0
OG0003458,1,0,0
OG0003459,1,0,0
OG0003460,1,0,0
OG0003461,1,0,0
OG0003462,1,0,0
OG0003463,1,0,0
OG0003464,1,0,0
OG0003465,1,0,0
OG0003466,1,0,0
OG0003467,1,0,0.0769230769230769
OG0003469,1,0,0
OG0003470,1,0,0
OG0003473,1,0,0
OG0003475,1,0,0
OG0003476,1,0,0
OG0003477,1,0,0
OG0003478,1,0,0
OG0003479,1,0,0
OG0003480,0.44,0.1,0
OG0003481,1,0,0
OG0003482,1,0,0
OG0003483,1,0,0
OG0003484,1,0,0
OG0003485,1,0,0
OG0003486,1,0,0
OG0003487,1,0,0
OG0003488,1,0,0
OG0003489,1,0,0
OG0003490,1,0,0
OG0003491,1,0,0
OG0003492,1,0,0
OG0003493,1,0,0
OG0003494,1,0,0
OG0003495,1,0,0
OG0003496,1,0,0
OG0003497,1,0,0
OG0003498,1,0,0
OG0003499,1,0,0
OG0003500,1,0,0
OG0003501,1,0,0
OG0003502,1,0,0
OG0003503,1,0.1,0.0769230769230769
OG0003504,1,0,0
OG0003505,1,0,0
OG0003506,1,0,0
OG0003507,1,0,0
OG0003508,1,0,0
OG0003509,1,0,0
OG0003510,1,0,0
OG0003511,1,0,0.0769230769230769
OG0003512,1,0,0
OG0003513,1,0,0
OG0003514,1,0,0
OG0003515,1,0,0
OG0003516,1,0,0.0769230769230769
OG0003517,1,0,0
OG0003518,1,0,0
OG0003519,1,0,0
OG0003520,1,0,0
OG0003521,1,0,0
OG0003522,1,0,0
OG0003523,1,0,0
OG0003524,1,0,0
OG0003525,1,0,0
OG0003526,1,0,0
OG0003527,1,0,0
OG0003528,1,0,0
OG0003529,1,0,0
OG0003530,1,0,0
OG0003531,1,0,0
OG0003532,1,0,0
OG0003533,1,0,0
OG0003534,1,0,0
OG0003535,1,0,0
OG0003536,1,0,0
OG0003537,1,0,0
OG0003538,1,0,0
OG0003539,1,0,0
OG0003540,1,0,0
OG0003541,1,0,0
OG0003542,1,0,0
OG0003543,1,0,0
OG0003544,1,0,0
OG0003545,1,0,0
OG0003546,1,0,0
OG0003547,1,0,0
OG0003548,1,0,0
OG0003549,1,0,0
OG0003550,1,0,0
OG0003551,1,0,0
OG0003552,0.44,0.1,0
OG0003553,1,0,0
OG0003554,1,0,0
OG0003555,1,0,0.0769230769230769
OG0003556,1,0,0
OG0003557,1,0,0
OG0003558,1,0,0
OG0003559,1,0,0
OG0003560,1,0,0
OG0003561,1,0,0
OG0003562,1,0,0
OG0003563,1,0,0
OG0003564,1,0,0
OG0003565,1,0,0
OG0003566,1,0,0
OG0003567,1,0,0
OG0003568,1,0,0
OG0003569,1,0,0
OG0003570,1,0.222222222222222,0.166666666666667
OG0003571,1,0,0
OG0003572,1,0,0
OG0003573,1,0,0
OG0003574,1,0,0
OG0003575,1,0,0.0769230769230769
OG0003576,1,0,0
OG0003578,1,0,0
OG0003579,1,0,0
OG0003580,1,0,0
OG0003581,0.44,0.1,0
OG0003582,1,0,0
OG0003583,1,0,0.0769230769230769
OG0003585,1,0,0
OG0003586,1,0,0
OG0003587,1,0,0
OG0003588,1,0,0
OG0003589,0.44,0.1,0
OG0003591,1,0,0
OG0003594,1,0,0
OG0003596,1,0,0
OG0003598,1,0,0
OG0003599,1,0,0
OG0003600,1,0,0
OG0003601,1,0,0
OG0003602,1,0,0
OG0003603,1,0,0
OG0003604,1,0,0
OG0003605,1,0,0
OG0003606,1,0,0
OG0003607,1,0,0
OG0003608,1,0,0
OG0003609,1,0,0
OG0003610,1,0,0
OG0003611,1,0,0
OG0003612,1,0,0
OG0003613,1,0,0
OG0003614,1,0,0
OG0003615,1,0,0
OG0003616,1,0,0
OG0003618,1,0,0
OG0003619,1,0,0
OG0003620,1,0,0
OG0003621,1,0,0
OG0003622,1,0,0
OG0003623,1,0,0
OG0003624,1,0,0
OG0003625,1,0,0
OG0003626,1,0,0
OG0003627,1,0,0
OG0003628,1,0,0
OG0003629,1,0,0
OG0003630,1,0,0
OG0003631,1,0,0
OG0003632,1,0,0
OG0003633,1,0,0
OG0003634,1,0,0
OG0003635,1,0,0
OG0003636,1,0,0
OG0003637,1,0,0
OG0003638,1,0,0
OG0003639,1,0,0
OG0003640,1,0,0
OG0003641,1,0,0
OG0003642,1,0,0
OG0003643,1,0,0
OG0003644,1,0,0
OG0003645,1,0,0
OG0003646,1,0,0
OG0003647,1,0,0
OG0003648,1,0,0
OG0003649,1,0,0
OG0003650,1,0,0
OG0003651,1,0,0
OG0003652,1,0,0
OG0003653,1,0,0
OG0003654,1,0,0
OG0003655,1,0,0
OG0003656,1,0,0
OG0003657,1,0,0
OG0003658,1,0,0
OG0003659,1,0,0
OG0003660,1,0,0
OG0003661,1,0,0
OG0003662,1,0,0
OG0003663,1,0,0
OG0003664,1,0,0
OG0003665,1,0.1,0.0769230769230769
OG0003666,1,0,0
OG0003667,1,0,0
OG0003668,1,0,0
OG0003669,1,0,0
OG0003670,1,0,0
OG0003671,1,0,0
OG0003672,1,0,0
OG0003673,1,0,0
OG0003674,1,0,0
OG0003675,1,0,0
OG0003676,1,0.1,0.0769230769230769
OG0003677,1,0,0
OG0003678,1,0,0
OG0003679,1,0,0
OG0003680,0.44,0.1,0
OG0003681,1,0,0
OG0003682,0.44,0.1,0
OG0003683,1,0,0
OG0003684,1,0,0
OG0003685,1,0,0
OG0003686,1,0,0
OG0003687,1,0,0
OG0003688,1,0,0
OG0003689,1,0,0
OG0003690,1,0,0
OG0003691,1,0,0
OG0003692,1,0,0
OG0003693,1,0,0
OG0003694,1,0,0
OG0003695,1,0,0
OG0003696,1,0,0
OG0003697,1,0,0
OG0003698,1,0,0
OG0003699,1,0,0
OG0003700,1,0,0
OG0003701,1,0,0
OG0003702,1,0,0
OG0003703,1,0,0
OG0003704,1,0,0
OG0003705,1,0,0
OG0003706,1,0,0
OG0003707,1,0,0
OG0003708,1,0,0
OG0003709,1,0,0
OG0003710,1,0,0
OG0003711,1,0,0
OG0003712,1,0,0
OG0003713,1,0,0
OG0003714,1,0,0.0769230769230769
OG0003715,1,0,0
OG0003716,1,0,0
OG0003717,1,0,0
OG0003718,1,0,0
OG0003719,1,0,0
OG0003720,1,0,0
OG0003721,0.44,0.1,0
OG0003722,1,0,0
OG0003724,1,0,0
OG0003725,1,0,0
OG0003726,1,0,0
OG0003729,0.44,0.1,0
OG0003732,1,0,0
OG0003733,1,0,0
OG0003734,1,0,0
OG0003735,1,0,0
OG0003736,0.44,0.1,0
OG0003738,1,0,0
OG0003739,1,0,0
OG0003740,1,0,0.0769230769230769
OG0003741,1,0,0
OG0003742,1,0,0
OG0003743,1,0,0
OG0003744,1,0,0
OG0003745,1,0,0
OG0003746,1,0,0
OG0003747,1,0,0
OG0003748,1,0,0
OG0003749,1,0,0
OG0003750,1,0,0
OG0003751,1,0,0
OG0003752,1,0,0
OG0003753,1,0,0
OG0003754,1,0,0
OG0003755,1,0,0
OG0003756,1,0,0
OG0003757,1,0,0
OG0003758,1,0,0
OG0003759,1,0,0
OG0003760,0.486666666666667,0,0.166666666666667
OG0003761,1,0,0
OG0003762,1,0,0
OG0003763,1,0,0
OG0003764,1,0,0
OG0003765,1,0,0
OG0003766,1,0,0
OG0003767,1,0,0
OG0003768,1,0,0
OG0003769,1,0,0
OG0003770,1,0,0
OG0003771,1,0,0
OG0003772,1,0,0
OG0003773,0.564782608695652,0.222222222222222,0.0769230769230769
OG0003775,1,0,0
OG0003776,1,0,0
OG0003777,1,0,0
OG0003778,1,0,0
OG0003779,1,0,0
OG0003780,1,0,0
OG0003781,1,0,0
OG0003782,1,0,0
OG0003783,1,0,0
OG0003784,1,0,0
OG0003785,1,0,0
OG0003786,1,0,0
OG0003787,0.44,0.1,0
OG0003788,1,0,0
OG0003789,1,0,0
OG0003790,1,0,0
OG0003791,1,0,0
OG0003792,1,0,0
OG0003793,1,0,0
OG0003794,1,0,0
OG0003795,1,0,0
OG0003796,1,0,0
OG0003797,1,0,0
OG0003798,1,0,0
OG0003799,1,0,0
OG0003800,1,0,0.0769230769230769
OG0003801,1,0,0
OG0003802,1,0,0
OG0003803,1,0,0
OG0003804,1,0,0
OG0003805,1,0,0
OG0003806,1,0,0
OG0003808,1,0,0
OG0003809,1,0,0
OG0003810,1,0,0
OG0003811,0.44,0.1,0
OG0003812,1,0,0
OG0003813,1,0,0
OG0003814,1,0,0
OG0003815,1,0,0
OG0003816,1,0,0
OG0003817,1,0,0
OG0003818,1,0,0
OG0003819,1,0,0
OG0003820,1,0,0
OG0003821,1,0,0
OG0003822,1,0,0
OG0003823,1,0,0
OG0003824,1,0,0
OG0003825,1,0,0
OG0003826,1,0,0
OG0003827,1,0,0
OG0003828,1,0,0
OG0003829,1,0,0
OG0003830,1,0,0
OG0003831,1,0,0
OG0003832,1,0,0
OG0003833,1,0.222222222222222,0.166666666666667
OG0003834,1,0,0
OG0003835,1,0,0
OG0003836,1,0,0
OG0003837,1,0,0
OG0003838,1,0,0
OG0003839,1,0,0
OG0003840,1,0,0
OG0003841,1,0,0
OG0003842,1,0,0
OG0003843,1,0,0
OG0003844,1,0,0.0769230769230769
OG0003845,1,0,0
OG0003846,1,0,0
OG0003847,1,0,0
OG0003848,1,0,0
OG0003849,1,0,0
OG0003850,1,0,0
OG0003851,1,0,0
OG0003852,1,0,0
OG0003853,1,0,0
OG0003854,1,0,0
OG0003855,1,0,0
OG0003856,1,0,0
OG0003857,1,0,0
OG0003858,1,0,0
OG0003859,1,0,0
OG0003860,1,0,0
OG0003861,1,0,0
OG0003862,1,0,0
OG0003863,1,0,0
OG0003864,1,0,0
OG0003865,1,0,0
OG0003866,1,0,0
OG0003867,1,0,0
OG0003868,1,0,0
OG0003869,1,0,0
OG0003870,1,0,0
OG0003872,1,0,0
OG0003873,1,0,0
OG0003874,1,0,0
OG0003875,1,0,0
OG0003876,1,0,0
OG0003877,1,0,0
OG0003878,1,0,0
OG0003879,1,0,0
OG0003880,1,0,0
OG0003881,1,0,0
OG0003882,1,0,0
OG0003884,1,0,0.0769230769230769
OG0003885,1,0,0
OG0003886,1,0,0
OG0003887,1,0,0
OG0003888,1,0,0
OG0003889,1,0,0
OG0003890,1,0,0
OG0003891,1,0,0
OG0003892,1,0,0
OG0003893,0.44,0.1,0
OG0003903,1,0,0
OG0003904,1,0,0
OG0003907,1,0,0
OG0003908,1,0,0
OG0003909,1,0,0
OG0003910,1,0,0
OG0003911,1,0,0
OG0003912,0.44,0.1,0
OG0003913,1,0.1,0.0769230769230769
OG0003914,1,0,0
OG0003915,1,0,0
OG0003916,1,0,0
OG0003917,1,0,0
OG0003918,1,0,0
OG0003919,1,0,0
OG0003920,1,0,0
OG0003921,1,0,0
OG0003922,1,0,0
OG0003923,1,0,0
OG0003924,1,0,0
OG0003925,1,0,0
OG0003926,1,0,0
OG0003927,1,0,0
OG0003928,1,0,0
OG0003929,1,0,0
OG0003930,1,0,0
OG0003931,1,0,0
OG0003932,1,0,0
OG0003933,1,0,0
OG0003934,1,0,0
OG0003935,1,0,0
OG0003936,1,0,0
OG0003937,1,0,0
OG0003938,1,0,0
OG0003939,1,0,0
OG0003940,1,0,0
OG0003941,1,0,0
OG0003942,1,0,0
OG0003943,1,0,0
OG0003944,1,0,0
OG0003945,1,0,0
OG0003946,1,0,0
OG0003947,1,0,0
OG0003948,1,0,0
OG0003949,1,0,0
OG0003950,1,0,0
OG0003951,1,0,0
OG0003952,1,0,0
OG0003953,1,0,0
OG0003954,1,0,0
OG0003955,1,0,0
OG0003956,1,0,0
OG0003957,1,0,0
OG0003958,1,0,0
OG0003959,1,0,0.0769230769230769
OG0003961,1,0,0
OG0003962,1,0,0
OG0003963,1,0,0.0769230769230769
OG0003964,1,0,0
OG0003965,1,0,0
OG0003966,1,0,0
OG0003967,1,0,0
OG0003968,1,0,0
OG0003969,1,0,0
OG0003970,1,0,0
OG0003971,1,0,0
OG0003972,1,0,0
OG0003973,1,0,0
OG0003974,1,0,0
OG0003975,1,0,0
OG0003976,1,0,0
OG0003977,1,0,0
OG0003978,1,0,0
OG0003979,1,0,0
OG0003980,1,0,0
OG0003981,1,0,0
OG0003982,1,0,0
OG0003983,1,0,0.0769230769230769
OG0003984,1,0,0
OG0003985,1,0,0
OG0003986,1,0,0
OG0003987,1,0,0
OG0003988,1,0,0
OG0003989,1,0,0
OG0003990,1,0,0
OG0003991,1,0,0
OG0003992,1,0,0
OG0003993,1,0,0
OG0003994,1,0,0
OG0003995,1,0,0
OG0003996,1,0,0
OG0003997,1,0,0
OG0003998,1,0,0
OG0003999,1,0,0
OG0004000,1,0,0.0769230769230769
OG0004001,1,0,0
OG0004002,1,0,0
OG0004003,1,0,0
OG0004004,1,0,0
OG0004005,1,0,0
OG0004006,1,0,0
OG0004007,1,0,0
OG0004008,1,0,0
OG0004009,1,0,0
OG0004010,1,0,0
OG0004011,1,0,0
OG0004012,1,0,0
OG0004013,1,0,0
OG0004014,1,0,0
OG0004015,1,0,0
OG0004016,1,0,0
OG0004017,0.23,0,0.272727272727273
OG0004018,1,0,0
OG0004019,1,0,0
OG0004020,1,0,0
OG0004021,1,0,0
OG0004022,1,0,0
OG0004023,1,0,0
OG0004024,1,0,0
OG0004025,1,0,0
OG0004026,1,0,0
OG0004027,1,0,0
OG0004028,1,0,0
OG0004029,1,0,0
OG0004030,1,0,0
OG0004031,1,0,0
OG0004032,1,0,0
OG0004033,1,0,0
OG0004034,1,0,0
OG0004035,1,0,0
OG0004036,1,0,0
OG0004037,1,0,0
OG0004038,1,0,0
OG0004039,1,0,0
OG0004040,1,0,0
OG0004041,1,0,0
OG0004042,1,0,0
OG0004043,1,0,0
OG0004044,1,0,0.0769230769230769
OG0004045,1,0,0
OG0004046,1,0,0
OG0004047,1,0,0
OG0004048,1,0,0
OG0004049,1,0,0
OG0004050,1,0,0
OG0004051,1,0,0
OG0004052,1,0,0
OG0004053,1,0,0
OG0004054,1,0,0
OG0004056,1,0.1,0.0769230769230769
OG0004057,1,0,0
OG0004058,1,0,0
OG0004059,1,0,0
OG0004061,1,0,0
OG0004062,1,0,0
OG0004063,1,0,0
OG0004064,1,0,0
OG0004065,1,0,0
OG0004066,1,0,0
OG0004067,0.183333333333333,0.222222222222222,0
OG0004068,1,0,0
OG0004069,1,0,0
OG0004070,1,0,0.0769230769230769
OG0004071,1,0,0
OG0004072,1,0,0
OG0004073,1,0,0
OG0004074,1,0,0
OG0004075,1,0,0
OG0004076,1,0,0
OG0004077,1,0,0
OG0004078,1,0,0
OG0004079,1,0,0
OG0004080,1,0,0
OG0004081,1,0,0
OG0004082,1,0,0
OG0004083,1,0,0
OG0004084,1,0,0
OG0004085,1,0,0.0769230769230769
OG0004086,1,0,0
OG0004087,1,0,0
OG0004088,1,0,0
OG0004089,1,0,0
OG0004090,1,0,0
OG0004091,1,0,0
OG0004092,1,0,0
OG0004093,1,0,0
OG0004094,1,0,0
OG0004095,1,0,0
OG0004096,1,0,0
OG0004097,1,0,0
OG0004098,1,0,0
OG0004099,1,0,0
OG0004100,1,0,0
OG0004101,1,0,0
OG0004102,1,0,0
OG0004103,1,0,0
OG0004104,1,0,0
OG0004105,1,0,0
OG0004106,1,0,0
OG0004107,1,0,0
OG0004108,1,0,0
OG0004109,1,0,0
OG0004110,1,0,0
OG0004111,1,0,0
OG0004112,1,0,0
OG0004113,1,0,0
OG0004114,1,0,0
OG0004115,1,0,0
OG0004116,1,0,0
OG0004117,1,0,0
OG0004118,1,0,0
OG0004119,1,0,0
OG0004120,1,0,0
OG0004121,1,0,0
OG0004122,1,0,0.0769230769230769
OG0004123,1,0,0
OG0004124,1,0,0
OG0004125,1,0,0
OG0004126,0.44,0.1,0
OG0004127,1,0,0.0769230769230769
OG0004128,1,0,0
OG0004130,1,0,0
OG0004131,1,0,0
OG0004132,1,0,0
OG0004133,1,0,0
OG0004134,1,0,0
OG0004135,1,0,0
OG0004136,1,0,0
OG0004142,1,0,0
OG0004143,1,0,0
OG0004148,1,0,0
OG0004149,1,0,0
OG0004150,1,0,0
OG0004151,1,0,0
OG0004152,1,0,0
OG0004153,1,0,0
OG0004154,1,0.1,0.166666666666667
OG0004155,1,0,0
OG0004156,1,0,0
OG0004157,1,0,0
OG0004158,1,0,0
OG0004159,1,0,0
OG0004160,1,0.1,0.0769230769230769
OG0004161,1,0,0
OG0004162,0.44,0.1,0
OG0004163,1,0,0
OG0004164,1,0,0
OG0004165,1,0,0
OG0004166,1,0,0
OG0004167,1,0,0
OG0004169,1,0,0
OG0004170,1,0,0
OG0004171,1,0,0
OG0004172,1,0,0
OG0004173,1,0,0
OG0004174,1,0,0
OG0004175,1,0,0
OG0004176,1,0,0
OG0004178,0.23,0,0.272727272727273
OG0004179,1,0,0
OG0004180,1,0,0
OG0004181,1,0,0
OG0004182,1,0,0
OG0004183,1,0,0
OG0004184,1,0,0
OG0004185,1,0,0
OG0004186,1,0,0
OG0004188,0.44,0.1,0
OG0004189,1,0,0
OG0004190,1,0,0
OG0004191,1,0,0
OG0004192,1,0,0
OG0004193,1,0,0
OG0004194,1,0,0
OG0004195,1,0,0
OG0004196,1,0,0
OG0004197,0.564782608695652,0.222222222222222,0.0769230769230769
OG0004198,1,0,0
OG0004199,1,0,0
OG0004200,1,0,0
OG0004201,1,0,0
OG0004202,1,0,0
OG0004203,1,0,0
OG0004204,1,0.1,0.166666666666667
OG0004205,1,0,0
OG0004206,1,0,0
OG0004207,1,0,0
OG0004208,1,0,0
OG0004209,1,0,0.0769230769230769
OG0004210,1,0,0
OG0004211,1,0,0
OG0004212,1,0,0
OG0004213,1,0,0
OG0004214,0.44,0.1,0
OG0004215,1,0,0
OG0004216,1,0,0
OG0004217,1,0,0
OG0004218,1,0,0
OG0004219,1,0,0
OG0004220,1,0,0
OG0004221,1,0,0
OG0004222,1,0,0
OG0004223,1,0,0
OG0004224,1,0,0
OG0004225,1,0,0
OG0004226,1,0,0
OG0004227,1,0,0
OG0004228,1,0,0
OG0004229,1,0,0
OG0004230,1,0,0
OG0004231,1,0,0
OG0004232,1,0,0
OG0004234,1,0,0
OG0004235,1,0,0
OG0004236,1,0,0
OG0004238,1,0,0
OG0004239,1,0,0
OG0004240,1,0,0
OG0004241,1,0,0
OG0004242,1,0,0
OG0004243,1,0,0
OG0004244,1,0,0
OG0004245,1,0,0
OG0004246,1,0,0
OG0004247,1,0,0
OG0004248,1,0,0
OG0004249,1,0,0
OG0004250,1,0,0
OG0004251,1,0,0
OG0004252,1,0,0
OG0004253,1,0,0
OG0004254,1,0,0.0769230769230769
OG0004255,1,0,0
OG0004256,1,0,0
OG0004257,1,0,0
OG0004258,1,0,0
OG0004259,1,0,0
OG0004260,1,0,0
OG0004261,1,0,0
OG0004262,1,0,0
OG0004263,1,0,0
OG0004264,1,0,0
OG0004265,1,0,0
OG0004266,1,0,0
OG0004267,1,0,0
OG0004268,1,0,0
OG0004269,1,0,0
OG0004270,1,0,0
OG0004271,1,0,0
OG0004272,1,0,0
OG0004273,1,0,0
OG0004274,1,0,0
OG0004275,1,0,0
OG0004276,1,0,0
OG0004277,1,0,0
OG0004278,1,0,0
OG0004279,1,0,0
OG0004280,1,0,0
OG0004281,1,0,0
OG0004282,1,0,0
OG0004283,1,0,0
OG0004284,1,0,0
OG0004285,1,0,0
OG0004286,1,0,0
OG0004287,1,0,0
OG0004288,1,0,0
OG0004289,1,0,0
OG0004290,1,0,0
OG0004291,0.486666666666667,0,0.166666666666667
OG0004292,1,0,0
OG0004293,1,0,0
OG0004294,1,0,0
OG0004295,1,0,0
OG0004296,1,0,0
OG0004297,1,0,0
OG0004298,1,0,0
OG0004299,1,0,0
OG0004300,1,0,0
OG0004301,1,0,0
OG0004302,0.44,0.1,0
OG0004303,1,0,0
OG0004304,1,0,0
OG0004305,1,0,0
OG0004306,1,0,0
OG0004307,1,0,0
OG0004308,1,0,0
OG0004309,1,0,0
OG0004310,1,0,0
OG0004311,1,0,0
OG0004312,1,0,0
OG0004313,1,0,0
OG0004314,1,0,0
OG0004315,1,0,0.0769230769230769
OG0004316,1,0,0
OG0004317,1,0,0
OG0004318,1,0,0
OG0004319,0.44,0.1,0
OG0004320,1,0,0
OG0004321,1,0,0
OG0004322,1,0,0
OG0004323,1,0,0
OG0004324,1,0,0
OG0004325,1,0,0
OG0004326,1,0,0
OG0004327,1,0,0
OG0004328,1,0,0
OG0004329,1,0,0
OG0004330,1,0,0
OG0004331,1,0,0
OG0004332,1,0,0
OG0004333,1,0,0
OG0004334,1,0,0
OG0004335,1,0,0
OG0004336,1,0,0
OG0004337,1,0,0
OG0004338,1,0,0
OG0004339,1,0,0
OG0004340,1,0,0
OG0004341,1,0,0
OG0004342,1,0,0
OG0004343,1,0,0
OG0004344,1,0,0
OG0004345,1,0,0
OG0004346,1,0,0
OG0004347,1,0,0
OG0004348,1,0,0
OG0004349,1,0,0
OG0004350,1,0,0
OG0004351,1,0,0
OG0004352,1,0,0
OG0004353,1,0,0
OG0004354,1,0,0
OG0004355,1,0,0
OG0004356,1,0,0
OG0004357,1,0,0
OG0004358,1,0,0
OG0004359,1,0,0
OG0004360,1,0,0
OG0004361,1,0,0
OG0004362,1,0,0
OG0004363,1,0,0
OG0004364,1,0,0
OG0004365,1,0,0
OG0004366,1,0,0
OG0004367,1,0,0
OG0004368,1,0,0
OG0004369,1,0,0
OG0004370,1,0,0
OG0004371,1,0,0
OG0004372,1,0,0
OG0004373,1,0,0
OG0004374,1,0,0
OG0004375,1,0,0
OG0004376,1,0,0
OG0004377,1,0,0
OG0004378,1,0.222222222222222,0.272727272727273
OG0004379,1,0,0
OG0004380,1,0,0
OG0004381,1,0,0
OG0004382,1,0,0
OG0004383,1,0,0
OG0004384,1,0,0
OG0004385,1,0,0
OG0004386,1,0,0
OG0004387,1,0,0
OG0004388,1,0,0
OG0004389,1,0,0
OG0004390,1,0,0
OG0004391,1,0,0
OG0004392,1,0,0
OG0004393,1,0,0
OG0004394,1,0.1,0.0769230769230769
OG0004395,1,0,0
OG0004396,1,0,0
OG0004397,1,0,0
OG0004398,1,0,0
OG0004399,1,0,0
OG0004400,1,0,0
OG0004401,1,0,0
OG0004402,1,0,0
OG0004403,1,0,0
OG0004404,1,0,0
OG0004405,1,0,0
OG0004406,1,0,0
OG0004407,1,0,0
OG0004408,1,0,0
OG0004409,1,0,0
OG0004410,1,0,0
OG0004411,1,0,0
OG0004412,1,0,0
OG0004413,1,0,0
OG0004414,1,0,0
OG0004415,1,0,0
OG0004416,1,0,0
OG0004417,1,0,0
OG0004418,1,0,0
OG0004419,1,0,0
OG0004420,1,0,0
OG0004421,1,0,0
OG0004422,1,0,0
OG0004423,1,0,0
OG0004424,1,0,0
OG0004425,1,0,0
OG0004426,1,0,0
OG0004427,1,0,0
OG0004428,1,0,0
OG0004429,1,0,0
OG0004430,1,0,0
OG0004431,1,0,0
OG0004432,1,0,0
OG0004433,1,0,0
OG0004434,1,0,0
OG0004435,1,0,0
OG0004436,1,0,0
OG0004437,1,0,0
OG0004438,1,0,0
OG0004439,1,0,0
OG0004440,1,0,0
OG0004441,1,0,0
OG0004442,1,0,0
OG0004443,1,0,0
OG0004444,1,0,0
OG0004445,1,0,0
OG0004446,1,0,0
OG0004447,1,0,0
OG0004448,1,0,0
OG0004449,1,0,0
OG0004450,1,0,0
OG0004451,1,0,0
OG0004452,1,0,0
OG0004453,1,0,0
OG0004454,1,0,0
OG0004455,1,0,0
OG0004456,1,0,0.0769230769230769
OG0004457,1,0,0
OG0004458,1,0,0
OG0004459,1,0,0
OG0004460,1,0,0
OG0004461,1,0,0
OG0004462,1,0,0
OG0004463,1,0,0.0769230769230769
OG0004464,1,0,0
OG0004465,1,0,0
OG0004466,1,0,0
OG0004467,1,0,0
OG0004468,1,0,0
OG0004472,0.564782608695652,0.222222222222222,0.0769230769230769
OG0004480,1,0,0
OG0004481,1,0,0
OG0004482,1,0,0
OG0004483,1,0,0
OG0004484,1,0,0
OG0004485,1,0,0
OG0004486,1,0,0
OG0004487,1,0,0
OG0004488,1,0,0
OG0004489,1,0,0
OG0004490,1,0,0
OG0004491,1,0,0
OG0004493,1,0,0
OG0004494,1,0,0
OG0004495,1,0,0
OG0004496,1,0,0
OG0004497,1,0,0
OG0004498,1,0,0
OG0004499,1,0,0
OG0004500,1,0,0
OG0004501,1,0,0
OG0004502,1,0,0
OG0004503,1,0,0
OG0004505,1,0,0
OG0004506,1,0,0
OG0004507,1,0,0
OG0004508,1,0,0
OG0004509,1,0,0
OG0004510,1,0,0
OG0004511,1,0,0
OG0004512,1,0,0
OG0004513,1,0,0
OG0004514,1,0,0
OG0004515,1,0,0
OG0004516,1,0,0
OG0004518,1,0,0
OG0004519,1,0,0
OG0004520,1,0,0
OG0004521,1,0,0
OG0004522,1,0,0
OG0004523,1,0,0
OG0004524,1,0,0
OG0004525,1,0,0
OG0004526,1,0,0
OG0004527,1,0,0
OG0004528,1,0,0
OG0004529,0.44,0.1,0
OG0004530,1,0,0
OG0004531,1,0,0
OG0004532,1,0,0
OG0004533,1,0,0
OG0004534,1,0,0
OG0004535,1,0,0
OG0004536,1,0,0
OG0004537,1,0,0
OG0004538,1,0,0
OG0004539,1,0,0
OG0004540,1,0,0
OG0004541,1,0,0
OG0004542,1,0,0
OG0004543,1,0,0
OG0004544,0.183333333333333,0.222222222222222,0
OG0004545,1,0,0
OG0004546,0.44,0.1,0
OG0004547,1,0,0
OG0004548,1,0,0
OG0004549,1,0,0
OG0004550,1,0,0
OG0004552,1,0,0
OG0004553,1,0,0
OG0004554,1,0,0
OG0004555,1,0,0
OG0004556,1,0,0
OG0004557,1,0,0
OG0004558,1,0,0
OG0004559,1,0,0
OG0004560,1,0,0
OG0004561,1,0,0
OG0004562,1,0,0
OG0004563,1,0,0
OG0004564,1,0,0
OG0004565,1,0,0
OG0004566,1,0,0
OG0004567,0.564782608695652,0.222222222222222,0.0769230769230769
OG0004568,1,0,0
OG0004569,1,0,0
OG0004570,1,0,0
OG0004571,1,0,0
OG0004572,1,0,0
OG0004573,1,0,0
OG0004574,1,0,0
OG0004575,1,0,0
OG0004576,1,0,0
OG0004577,1,0,0
OG0004578,1,0,0
OG0004579,1,0,0
OG0004580,1,0,0
OG0004581,0.44,0.1,0
OG0004582,1,0,0
OG0004583,1,0,0
OG0004584,1,0,0
OG0004585,1,0,0
OG0004586,1,0,0
OG0004587,1,0,0
OG0004588,1,0,0
OG0004589,1,0,0
OG0004590,1,0,0
OG0004591,1,0,0
OG0004592,1,0,0
OG0004593,1,0,0
OG0004594,1,0.1,0.0769230769230769
OG0004595,1,0,0
OG0004596,1,0,0
OG0004597,1,0,0
OG0004598,1,0,0
OG0004599,1,0,0
OG0004600,1,0,0
OG0004601,1,0,0
OG0004602,1,0,0
OG0004603,1,0,0
OG0004604,1,0,0
OG0004605,1,0,0
OG0004606,1,0,0
OG0004607,1,0,0
OG0004608,1,0,0
OG0004609,1,0,0
OG0004610,1,0,0
OG0004611,1,0,0
OG0004612,1,0,0
OG0004613,1,0,0
OG0004614,1,0,0
OG0004615,1,0,0
OG0004616,1,0,0
OG0004617,1,0,0
OG0004618,1,0,0
OG0004619,1,0,0
OG0004620,1,0,0
OG0004621,1,0,0
OG0004622,1,0,0
OG0004623,1,0,0
OG0004624,0.183333333333333,0.222222222222222,0
OG0004625,1,0,0
OG0004626,1,0,0
OG0004627,1,0,0
OG0004628,1,0,0
OG0004630,1,0,0
OG0004631,1,0,0
OG0004632,1,0,0
OG0004633,1,0,0
OG0004634,1,0,0
OG0004635,1,0,0
OG0004636,1,0,0
OG0004637,1,0,0
OG0004638,1,0,0
OG0004639,1,0,0
OG0004640,1,0,0
OG0004641,1,0,0
OG0004642,1,0,0
OG0004643,1,0,0
OG0004644,1,0,0
OG0004645,1,0,0
OG0004646,1,0,0
OG0004647,1,0,0
OG0004648,1,0,0
OG0004649,1,0,0
OG0004650,1,0,0
OG0004651,1,0,0
OG0004652,1,0,0
OG0004653,1,0,0
OG0004654,1,0,0
OG0004655,1,0,0
OG0004656,1,0,0
OG0004657,1,0,0
OG0004658,1,0,0
OG0004659,1,0,0
OG0004660,1,0,0
OG0004661,1,0,0
OG0004662,1,0,0
OG0004663,1,0,0
OG0004664,1,0,0
OG0004665,1,0,0
OG0004666,1,0,0
OG0004668,1,0,0
OG0004669,1,0,0
OG0004670,1,0,0
OG0004671,1,0,0
OG0004672,1,0,0
OG0004673,1,0,0
OG0004674,1,0,0
OG0004675,1,0,0
OG0004676,1,0,0
OG0004677,1,0,0
OG0004678,1,0,0
OG0004679,1,0,0
OG0004680,1,0,0
OG0004681,1,0,0
OG0004682,1,0,0
OG0004683,1,0,0
OG0004684,1,0,0
OG0004685,1,0,0
OG0004686,1,0,0
OG0004687,1,0,0
OG0004688,1,0,0
OG0004689,1,0,0
OG0004690,1,0,0
OG0004691,1,0,0
OG0004692,0.44,0.1,0
OG0004693,1,0,0
OG0004694,1,0,0
OG0004695,1,0,0
OG0004696,1,0,0
OG0004697,1,0,0
OG0004698,1,0,0
OG0004699,1,0,0
OG0004700,1,0,0
OG0004701,1,0,0
OG0004702,1,0,0
OG0004703,1,0,0
OG0004704,1,0,0
OG0004705,1,0,0
OG0004706,1,0,0
OG0004707,1,0,0
OG0004708,1,0,0
OG0004710,0.44,0.1,0
OG0004711,1,0,0
OG0004712,1,0,0
OG0004713,1,0,0
OG0004714,1,0,0
OG0004715,1,0,0
OG0004716,1,0,0
OG0004717,1,0,0
OG0004718,1,0,0
OG0004719,1,0,0
OG0004720,1,0,0
OG0004721,1,0,0
OG0004722,1,0,0
OG0004723,1,0,0
OG0004724,1,0,0
OG0004725,1,0,0
OG0004726,1,0,0
OG0004727,1,0,0
OG0004728,1,0,0
OG0004729,1,0,0
OG0004730,1,0,0
OG0004731,1,0,0
OG0004732,1,0,0
OG0004733,1,0,0
OG0004734,0.44,0.1,0
OG0004735,1,0,0
OG0004736,1,0,0
OG0004737,1,0,0
OG0004738,1,0,0
OG0004739,1,0,0
OG0004740,1,0,0
OG0004741,1,0,0
OG0004742,1,0,0
OG0004743,1,0,0
OG0004744,1,0,0
OG0004745,1,0,0
OG0004746,1,0,0
OG0004747,1,0,0
OG0004748,1,0,0
OG0004749,1,0,0
OG0004750,1,0,0
OG0004751,1,0,0
OG0004752,1,0,0
OG0004753,1,0,0
OG0004754,1,0,0
OG0004755,1,0,0
OG0004756,1,0,0
OG0004757,1,0,0
OG0004758,1,0,0
OG0004759,1,0,0
OG0004760,1,0,0
OG0004761,1,0,0
OG0004762,1,0,0
OG0004763,1,0,0
OG0004764,1,0,0
OG0004765,1,0,0
OG0004766,1,0,0
OG0004767,1,0,0
OG0004768,1,0,0
OG0004769,1,0,0
OG0004770,1,0,0
OG0004771,1,0,0.0769230769230769
OG0004772,1,0,0
OG0004773,1,0,0
OG0004774,1,0,0
OG0004775,1,0,0
OG0004776,1,0,0
OG0004777,1,0,0
OG0004778,1,0,0
OG0004779,1,0,0
OG0004780,1,0,0
OG0004781,1,0,0
OG0004782,1,0,0
OG0004783,1,0,0
OG0004784,1,0,0
OG0004785,1,0,0
OG0004786,1,0,0
OG0004787,1,0,0
OG0004788,1,0,0
OG0004789,1,0,0
OG0004790,1,0,0
OG0004791,1,0,0
OG0004792,1,0,0
OG0004793,1,0,0
OG0004794,1,0,0
OG0004795,1,0,0
OG0004796,1,0,0
OG0004797,1,0,0
OG0004798,1,0,0
OG0004799,1,0,0
OG0004800,1,0,0
OG0004801,1,0,0
OG0004802,1,0,0
OG0004803,1,0,0
OG0004804,1,0,0
OG0004805,1,0,0
OG0004806,1,0,0
OG0004807,1,0,0
OG0004808,1,0,0
OG0004809,1,0,0
OG0004810,1,0,0
OG0004811,1,0,0
OG0004812,1,0,0
OG0004813,1,0,0
OG0004814,1,0,0
OG0004815,1,0,0
OG0004816,1,0,0
OG0004817,1,0,0
OG0004818,1,0,0
OG0004819,1,0,0
OG0004820,1,0,0
OG0004821,1,0,0
OG0004822,1,0,0
OG0004823,1,0,0
OG0004824,1,0,0
OG0004825,1,0,0
OG0004826,1,0,0
OG0004827,1,0,0
OG0004828,1,0,0
OG0004829,1,0,0
OG0004830,1,0,0
OG0004831,1,0,0
OG0004832,1,0,0
OG0004833,1,0,0
OG0004834,1,0,0
OG0004835,1,0,0
OG0004836,1,0,0
OG0004837,1,0,0
OG0004838,1,0,0
OG0004839,1,0,0
OG0004840,1,0,0
OG0004841,1,0,0
OG0004842,1,0,0
OG0004843,1,0,0
OG0004844,1,0,0
OG0004845,1,0,0
OG0004846,1,0,0
OG0004847,1,0,0
OG0004848,1,0,0
OG0004849,1,0,0
OG0004850,1,0,0
OG0004851,1,0,0
OG0004852,1,0,0
OG0004853,1,0,0
OG0004854,1,0,0
OG0004855,1,0,0
OG0004856,1,0,0
OG0004857,1,0,0
OG0004858,1,0,0
OG0004859,1,0,0
OG0004860,1,0,0
OG0004861,1,0,0
OG0004862,1,0,0
OG0004863,1,0,0
OG0004864,1,0,0
OG0004865,1,0,0
OG0004866,1,0,0
OG0004867,1,0,0
OG0004868,1,0,0
OG0004869,1,0,0
OG0004870,1,0,0
OG0004871,1,0,0
OG0004872,1,0,0
OG0004873,1,0,0
OG0004874,1,0,0
OG0004875,1,0,0
OG0004876,1,0,0
OG0004877,1,0,0
OG0004878,1,0,0
OG0004879,1,0,0
OG0004880,1,0,0
OG0004881,1,0,0
OG0004882,1,0,0
OG0004883,1,0,0
OG0004884,1,0,0
OG0004885,1,0,0
OG0004886,1,0,0
OG0004887,1,0,0
OG0004888,1,0,0
OG0004889,1,0,0
OG0004890,1,0,0
OG0004891,1,0,0
OG0004892,1,0,0
OG0004893,1,0,0
OG0004894,1,0,0
OG0004895,1,0,0
OG0004896,1,0,0
OG0004897,1,0,0
OG0004898,1,0,0
OG0004899,1,0,0
OG0004900,1,0,0
OG0004901,1,0,0
OG0004902,1,0,0
OG0004903,1,0,0
OG0004904,1,0,0
OG0004905,1,0,0
OG0004906,1,0,0
OG0004907,1,0,0
OG0004908,1,0,0
OG0004909,1,0,0
OG0004910,1,0,0
OG0004911,1,0,0
OG0004912,1,0,0
OG0004913,1,0,0
OG0004914,1,0,0
OG0004915,1,0,0
OG0004916,1,0,0
OG0004917,1,0,0
OG0004918,1,0,0
OG0004919,1,0,0
OG0004920,1,0,0
OG0004921,1,0,0
OG0004922,1,0,0
OG0004923,1,0,0
OG0004924,1,0,0
OG0004925,1,0,0
OG0004926,1,0,0
OG0004927,1,0,0
OG0004928,1,0,0
OG0004929,1,0,0
OG0004930,1,0,0
OG0004931,1,0,0
OG0004932,1,0,0
OG0004933,1,0,0
OG0004934,1,0,0
OG0004935,1,0,0
OG0004936,1,0,0
OG0004937,1,0,0
OG0004938,1,0,0
OG0004939,1,0,0
OG0004940,1,0,0
OG0004941,1,0,0
OG0004942,1,0,0
OG0004943,1,0,0
OG0004944,1,0,0
OG0004945,1,0,0
OG0004946,1,0,0
OG0004947,1,0,0
OG0004948,1,0,0
OG0004949,1,0,0
OG0004950,1,0,0
OG0004951,1,0,0
OG0004952,1,0,0
OG0004953,1,0,0
OG0004954,1,0,0
OG0004955,1,0,0
OG0004956,1,0,0
OG0004957,1,0,0
OG0004958,1,0,0
OG0004959,1,0,0
OG0004960,1,0,0
OG0004961,1,0,0
OG0004962,1,0,0
OG0004963,1,0,0
OG0004964,1,0,0
OG0004965,1,0,0
OG0004966,1,0,0.0769230769230769
OG0004967,1,0,0
OG0004968,1,0,0
OG0004969,1,0,0
OG0004970,1,0,0
OG0004971,1,0,0
OG0004973,1,0,0
OG0004974,1,0,0
OG0004975,1,0,0
OG0004976,1,0,0
OG0004977,1,0,0
OG0004978,1,0,0
OG0004979,1,0,0.0769230769230769
OG0004980,1,0,0
OG0004981,1,0,0
OG0004982,1,0,0
OG0004983,1,0,0
OG0004984,1,0,0
OG0004985,1,0,0
OG0004987,1,0,0
OG0004988,1,0,0
OG0004989,1,0,0
OG0004990,1,0,0
OG0004991,1,0,0
OG0004992,1,0,0
OG0004993,1,0,0
OG0004994,1,0,0
OG0004996,1,0,0.0769230769230769
OG0004999,1,0,0
OG0005004,1,0,0
OG0005005,1,0,0
OG0005007,1,0,0
OG0005008,1,0,0
OG0005009,1,0,0
OG0005010,1,0,0
OG0005011,1,0,0
OG0005012,1,0,0
OG0005013,1,0,0
OG0005014,1,0,0
OG0005015,1,0,0
OG0005016,1,0,0
OG0005017,1,0,0
OG0005018,1,0,0
OG0005019,1,0,0
OG0005020,1,0,0
OG0005021,1,0,0
OG0005022,1,0,0
OG0005023,1,0,0
OG0005024,1,0,0
OG0005025,1,0,0
OG0005026,1,0,0
OG0005027,1,0,0
OG0005028,1,0,0
OG0005029,1,0,0
OG0005030,1,0,0
OG0005031,1,0,0
OG0005032,1,0,0
OG0005034,1,0,0
OG0005035,1,0,0
OG0005036,1,0,0
OG0005037,1,0,0
OG0005038,1,0,0
OG0005039,1,0,0
OG0005040,1,0,0
OG0005041,1,0,0
OG0005042,1,0,0
OG0005043,1,0,0
OG0005044,1,0,0
OG0005045,1,0,0
OG0005046,1,0,0
OG0005047,1,0,0
OG0005048,1,0,0
OG0005049,1,0,0
OG0005050,1,0,0
OG0005051,1,0,0
OG0005052,1,0,0
OG0005053,1,0,0
OG0005054,1,0,0
OG0005055,1,0,0
OG0005056,1,0,0
OG0005057,1,0,0
OG0005058,1,0,0
OG0005059,1,0,0
OG0005060,1,0,0
OG0005061,1,0,0
OG0005062,1,0,0
OG0005063,1,0,0
OG0005064,1,0,0
OG0005065,1,0,0
OG0005066,1,0,0
OG0005067,1,0,0
OG0005068,1,0,0
OG0005069,1,0,0
OG0005070,0.564782608695652,0.222222222222222,0.0769230769230769
OG0005071,1,0,0
OG0005072,1,0,0
OG0005073,1,0,0
OG0005074,1,0,0
OG0005075,1,0,0
OG0005076,1,0,0
OG0005077,1,0,0
OG0005078,1,0,0
OG0005079,1,0,0
OG0005080,1,0,0
OG0005081,1,0,0
OG0005082,1,0,0
OG0005083,1,0,0
OG0005084,1,0,0
OG0005085,1,0,0
OG0005086,1,0,0
OG0005087,1,0,0
OG0005088,1,0,0
OG0005089,1,0,0
OG0005090,1,0,0
OG0005091,1,0,0
OG0005092,1,0,0
OG0005093,1,0,0
OG0005094,1,0,0
OG0005095,0.44,0.1,0
OG0005096,1,0,0
OG0005097,1,0,0
OG0005098,1,0,0
OG0005099,1,0,0
OG0005100,1,0,0
OG0005101,1,0,0
OG0005102,1,0,0
OG0005103,1,0,0
OG0005104,1,0,0
OG0005105,1,0,0
OG0005106,1,0,0
OG0005107,1,0,0
OG0005108,1,0,0
OG0005109,1,0,0
OG0005110,1,0,0
OG0005111,1,0,0
OG0005112,1,0,0
OG0005113,1,0,0
OG0005114,1,0,0
OG0005115,1,0,0
OG0005116,1,0,0
OG0005117,1,0,0
OG0005118,1,0,0
OG0005119,1,0,0
OG0005120,1,0,0
OG0005121,1,0,0
OG0005122,1,0,0
OG0005123,1,0,0
OG0005124,1,0,0
OG0005125,1,0,0
OG0005126,1,0,0
OG0005127,1,0,0
OG0005128,1,0,0
OG0005129,1,0,0
OG0005130,1,0,0
OG0005131,1,0,0
OG0005132,1,0,0
OG0005133,1,0,0
OG0005134,1,0,0
OG0005135,1,0,0
OG0005136,1,0,0
OG0005137,1,0,0
OG0005138,1,0,0
OG0005139,1,0,0
OG0005140,1,0,0
OG0005141,1,0,0
OG0005142,1,0,0
OG0005143,1,0,0
OG0005144,1,0,0
OG0005145,1,0,0
OG0005146,1,0,0
OG0005147,1,0,0
OG0005148,1,0,0
OG0005149,1,0,0
OG0005150,1,0,0
OG0005151,1,0,0
OG0005152,1,0,0
OG0005153,1,0,0
OG0005154,1,0,0
OG0005155,1,0,0
OG0005156,1,0,0
OG0005158,1,0,0
OG0005159,1,0,0
OG0005160,1,0,0
OG0005161,1,0,0
OG0005162,1,0,0
OG0005163,1,0,0
OG0005164,1,0,0
OG0005165,1,0,0
OG0005166,1,0,0
OG0005167,1,0,0
OG0005168,1,0,0
OG0005169,1,0,0
OG0005170,1,0,0
OG0005171,1,0.1,0.0769230769230769
OG0005172,1,0,0
OG0005173,1,0,0
OG0005174,1,0,0
OG0005175,1,0,0
OG0005176,1,0,0
OG0005177,1,0,0
OG0005178,1,0,0
OG0005179,1,0,0
OG0005180,0.183333333333333,0.222222222222222,0
OG0005181,1,0,0
OG0005182,1,0,0
OG0005183,1,0,0
OG0005184,1,0,0
OG0005185,1,0,0
OG0005186,1,0,0
OG0005187,1,0,0
OG0005188,1,0,0
OG0005189,1,0,0
OG0005190,1,0,0
OG0005191,1,0,0
OG0005192,1,0,0
OG0005193,1,0,0
OG0005194,1,0,0
OG0005195,1,0,0
OG0005196,1,0,0
OG0005197,1,0,0
OG0005198,1,0,0
OG0005199,1,0,0
OG0005200,1,0,0
OG0005201,1,0,0
OG0005202,1,0,0
OG0005203,1,0,0
OG0005204,1,0,0
OG0005205,1,0,0
OG0005206,1,0,0
OG0005207,1,0,0
OG0005208,1,0,0
OG0005209,1,0,0
OG0005210,1,0,0
OG0005211,1,0,0
OG0005212,1,0,0
OG0005213,1,0,0
OG0005214,1,0,0
OG0005215,1,0,0
OG0005216,1,0,0
OG0005217,1,0,0
OG0005218,1,0,0
OG0005219,1,0,0
OG0005220,1,0,0
OG0005221,1,0,0
OG0005222,1,0,0
OG0005223,1,0,0
OG0005224,1,0,0
OG0005225,1,0,0
OG0005226,1,0,0
OG0005227,1,0,0
OG0005228,1,0,0
OG0005229,1,0,0
OG0005230,1,0,0
OG0005231,1,0,0
OG0005232,1,0,0
OG0005233,1,0,0
OG0005234,1,0,0
OG0005235,1,0,0
OG0005236,1,0,0
OG0005237,1,0,0
OG0005238,1,0,0
OG0005239,1,0,0
OG0005240,1,0,0
OG0005241,1,0,0
OG0005242,1,0,0
OG0005243,1,0,0
OG0005244,1,0,0
OG0005245,1,0,0
OG0005246,1,0,0
OG0005247,1,0,0
OG0005248,1,0,0
OG0005249,1,0,0
OG0005250,1,0,0
OG0005251,1,0,0
OG0005252,1,0,0
OG0005253,1,0,0
OG0005254,1,0,0
OG0005255,1,0,0
OG0005256,1,0,0
OG0005257,1,0,0
OG0005258,1,0,0
OG0005259,1,0,0
OG0005260,1,0,0
OG0005262,1,0,0
OG0005263,1,0,0
OG0005264,1,0,0
OG0005265,1,0,0
OG0005266,1,0,0
OG0005267,1,0,0
OG0005268,1,0,0
OG0005269,1,0,0
OG0005270,1,0,0
OG0005271,1,0,0
OG0005272,1,0,0
OG0005273,1,0,0
OG0005274,1,0,0
OG0005275,1,0,0
OG0005276,1,0,0
OG0005277,1,0,0
OG0005278,1,0,0
OG0005279,1,0,0
OG0005280,1,0,0
OG0005281,1,0,0
OG0005282,1,0,0
OG0005283,0.44,0.1,0
OG0005284,1,0,0
OG0005285,1,0,0
OG0005286,1,0,0
OG0005287,1,0,0
OG0005288,1,0,0
OG0005289,1,0,0
OG0005290,1,0,0
OG0005291,1,0,0
OG0005292,1,0,0
OG0005293,1,0,0
OG0005294,1,0,0
OG0005295,1,0,0
OG0005296,1,0,0
OG0005297,1,0,0
OG0005298,1,0,0
OG0005299,1,0,0
OG0005300,1,0,0
OG0005301,1,0,0
OG0005302,1,0,0
OG0005303,1,0,0
OG0005304,1,0,0
OG0005305,1,0,0
OG0005306,1,0,0
OG0005307,1,0,0
OG0005308,1,0,0
OG0005309,1,0,0
OG0005310,1,0,0
OG0005311,1,0,0
OG0005312,1,0,0
OG0005313,1,0,0
OG0005314,1,0,0
OG0005315,1,0,0
OG0005316,1,0,0
OG0005317,1,0,0
OG0005318,1,0,0
OG0005319,1,0,0
OG0005320,1,0,0
OG0005321,1,0,0
OG0005322,1,0,0
OG0005323,1,0,0
OG0005324,1,0,0
OG0005325,1,0,0
OG0005326,1,0,0
OG0005327,1,0,0
OG0005328,1,0,0
OG0005329,1,0,0
OG0005330,1,0,0
OG0005331,1,0,0
OG0005332,1,0,0
OG0005333,1,0,0
OG0005334,1,0,0
OG0005335,1,0,0
OG0005336,1,0,0
OG0005337,1,0,0
OG0005338,1,0,0
OG0005339,1,0,0
OG0005340,1,0,0
OG0005341,1,0,0
OG0005342,1,0,0
OG0005343,1,0,0
OG0005344,1,0,0
OG0005345,1,0,0
OG0005346,1,0,0
OG0005347,1,0,0
OG0005348,1,0,0
OG0005349,1,0,0
OG0005350,1,0,0
OG0005351,1,0,0
OG0005352,1,0,0
OG0005353,1,0,0
OG0005354,1,0,0
OG0005355,1,0,0
OG0005356,1,0,0
OG0005357,1,0,0
OG0005358,1,0,0
OG0005359,1,0,0
OG0005360,1,0,0
OG0005361,1,0,0
OG0005362,1,0,0
OG0005363,1,0,0
OG0005364,1,0,0
OG0005365,1,0,0
OG0005366,1,0,0
OG0005367,1,0,0
OG0005368,1,0,0
OG0005369,1,0,0
OG0005370,1,0,0
OG0005371,1,0,0
OG0005372,1,0,0
OG0005373,1,0,0
OG0005374,1,0,0
OG0005375,1,0,0
OG0005376,1,0,0
OG0005377,1,0,0
OG0005378,1,0,0
OG0005379,1,0,0
OG0005380,1,0,0
OG0005381,1,0,0
OG0005382,1,0,0
OG0005383,1,0,0
OG0005384,1,0,0
OG0005385,1,0,0
OG0005386,1,0,0
OG0005387,1,0,0
OG0005388,1,0,0
OG0005389,1,0,0
OG0005390,1,0,0
OG0005391,1,0,0
OG0005392,1,0,0
OG0005393,1,0,0
OG0005394,1,0,0
OG0005395,1,0,0
OG0005396,1,0,0
OG0005397,1,0,0
OG0005398,1,0,0
OG0005399,1,0,0
OG0005400,1,0,0
OG0005401,1,0,0
OG0005402,1,0,0
OG0005403,1,0,0
OG0005404,1,0,0
OG0005405,1,0,0
OG0005406,1,0,0
OG0005407,1,0,0
OG0005408,1,0,0
OG0005409,1,0,0
OG0005410,1,0,0
OG0005411,1,0,0
OG0005412,1,0,0
OG0005413,1,0,0
OG0005414,1,0,0
OG0005415,1,0,0
OG0005416,1,0,0
OG0005417,1,0,0
OG0005418,1,0,0
OG0005419,1,0,0
OG0005420,1,0,0
OG0005421,1,0,0
OG0005422,1,0,0
OG0005423,1,0,0
OG0005424,1,0,0
OG0005425,1,0,0
OG0005426,1,0,0
OG0005427,1,0,0
OG0005428,1,0,0
OG0005429,1,0,0
OG0005430,1,0,0
OG0005431,1,0,0
OG0005432,1,0,0
OG0005433,1,0,0
OG0005434,1,0,0
OG0005435,1,0,0
OG0005436,1,0,0
OG0005437,1,0,0
OG0005438,1,0,0
OG0005439,1,0,0
OG0005440,1,0,0
OG0005441,1,0,0
OG0005442,1,0,0
OG0005443,1,0,0
OG0005444,1,0,0
OG0005445,1,0,0
OG0005446,1,0,0
OG0005447,1,0,0
OG0005448,1,0,0
OG0005449,1,0,0
OG0005450,1,0,0
OG0005451,1,0,0
OG0005452,1,0,0
OG0005453,1,0,0
OG0005454,1,0,0
OG0005455,1,0,0
OG0005456,1,0,0
OG0005457,1,0,0
OG0005458,1,0,0
OG0005459,1,0,0
OG0005460,1,0,0
OG0005461,1,0,0
OG0005462,1,0,0
OG0005463,1,0,0
OG0005464,1,0,0
OG0005465,1,0,0
OG0005466,1,0,0
OG0005467,1,0,0
OG0005468,1,0,0
OG0005469,1,0,0
OG0005470,1,0,0
OG0005471,1,0,0
OG0005472,1,0,0
OG0005473,1,0,0
OG0005474,1,0,0
OG0005475,1,0,0
OG0005476,1,0,0
OG0005477,1,0,0
OG0005478,1,0,0
OG0005479,1,0,0
OG0005480,1,0,0
OG0005481,1,0,0
OG0005482,1,0,0
OG0005483,1,0,0
OG0005484,1,0,0
OG0005485,1,0,0
OG0005486,1,0,0
OG0005487,1,0,0
OG0005488,1,0,0
OG0005489,1,0,0
OG0005490,1,0,0
OG0005491,1,0,0
OG0005492,1,0,0
OG0005493,1,0,0
OG0005494,1,0,0
OG0005495,1,0,0
OG0005496,1,0,0
OG0005497,1,0,0
OG0005498,1,0,0
OG0005499,1,0,0
OG0005500,1,0,0
OG0005501,1,0,0
OG0005502,1,0,0
OG0005503,1,0,0
OG0005504,1,0,0
OG0005505,1,0,0
OG0005506,1,0,0
OG0005507,0.44,0.1,0
OG0005508,1,0,0
OG0005509,1,0,0
OG0005510,1,0,0
OG0005511,1,0,0
OG0005512,1,0,0
OG0005513,1,0,0
OG0005514,1,0,0
OG0005515,1,0,0
OG0005516,1,0,0
OG0005517,1,0,0
OG0005518,1,0,0
OG0005519,1,0,0
OG0005520,1,0,0
OG0005521,1,0,0
OG0005522,1,0,0
OG0005523,1,0,0
OG0005524,1,0,0
OG0005525,1,0,0
OG0005526,1,0,0
OG0005527,1,0,0
OG0005528,1,0,0
OG0005529,1,0,0
OG0005530,1,0,0
OG0005531,1,0,0
OG0005532,1,0,0
OG0005533,1,0,0
OG0005534,1,0,0
OG0005535,1,0,0
OG0005536,1,0,0
OG0005537,1,0,0
OG0005538,1,0,0
OG0005539,1,0,0
OG0005540,1,0,0
OG0005541,1,0,0
OG0005542,1,0,0
OG0005543,1,0,0
OG0005544,1,0,0
OG0005545,1,0,0
OG0005546,1,0,0.0769230769230769
OG0005547,1,0,0
OG0005548,1,0,0
OG0005549,1,0,0
OG0005550,1,0,0
OG0005551,1,0,0
OG0005552,1,0,0
OG0005553,1,0,0
OG0005554,1,0,0
OG0005555,1,0,0
OG0005556,1,0,0
OG0005557,1,0,0
OG0005558,1,0,0
OG0005559,1,0,0
OG0005560,1,0,0
OG0005561,1,0,0
OG0005562,1,0,0
OG0005563,1,0,0
OG0005564,1,0,0
OG0005565,1,0,0
OG0005566,1,0,0
OG0005567,1,0,0
OG0005568,1,0,0
OG0005569,1,0,0
OG0005570,1,0,0
OG0005571,1,0,0
OG0005572,1,0,0
OG0005573,1,0,0
OG0005574,1,0,0
OG0005575,1,0,0
OG0005576,1,0,0
OG0005577,1,0,0
OG0005578,1,0,0
OG0005579,1,0,0
OG0005580,1,0,0
OG0005581,1,0,0
OG0005582,1,0,0
OG0005583,1,0,0
OG0005584,1,0,0
OG0005585,1,0,0
OG0005586,1,0,0
OG0005587,1,0,0
OG0005588,1,0,0
OG0005589,1,0,0
OG0005590,1,0,0
OG0005591,1,0,0
OG0005592,1,0,0
OG0005593,1,0,0
OG0005594,1,0,0
OG0005595,1,0,0
OG0005596,1,0,0
OG0005597,1,0,0
OG0005598,1,0,0
OG0005599,1,0,0
OG0005600,1,0,0
OG0005601,1,0,0
OG0005602,1,0,0
OG0005603,1,0,0
OG0005604,1,0,0
OG0005605,1,0,0
OG0005606,1,0,0
OG0005607,1,0,0
OG0005608,1,0,0
OG0005609,1,0,0
OG0005610,1,0,0
OG0005611,1,0,0
OG0005612,1,0,0
OG0005613,1,0,0
OG0005614,1,0,0
OG0005615,1,0,0
OG0005616,1,0,0
OG0005617,1,0,0
OG0005618,1,0,0
OG0005619,1,0,0
OG0005620,1,0,0
OG0005621,1,0,0
OG0005622,1,0,0
OG0005623,1,0,0
OG0005624,1,0,0
OG0005625,1,0,0
OG0005626,1,0,0
OG0005627,1,0,0
OG0005628,1,0,0
OG0005629,1,0,0
OG0005630,1,0,0
OG0005631,1,0,0
OG0005632,1,0,0
OG0005633,1,0,0
OG0005634,1,0,0
OG0005635,1,0,0
OG0005636,1,0,0
OG0005637,1,0,0
OG0005638,1,0,0
OG0005639,1,0,0
OG0005640,1,0,0
OG0005641,1,0,0
OG0005642,1,0,0
OG0005643,1,0,0
OG0005644,1,0,0
OG0005645,1,0,0
OG0005646,1,0,0
OG0005647,1,0,0
OG0005648,1,0,0
OG0005649,1,0,0
OG0005650,1,0,0
OG0005651,1,0,0
OG0005652,1,0,0
OG0005653,1,0,0
OG0005654,1,0,0
OG0005655,1,0,0
OG0005656,1,0,0
OG0005657,1,0,0
OG0005658,1,0,0
OG0005659,1,0,0
OG0005660,1,0,0
OG0005661,1,0,0
OG0005662,1,0,0
OG0005663,1,0,0
OG0005664,1,0,0
OG0005665,1,0,0
OG0005666,1,0,0
OG0005667,1,0,0
OG0005668,1,0,0
OG0005669,1,0,0
OG0005670,1,0,0
OG0005671,1,0,0
OG0005672,1,0,0
OG0005673,1,0,0
OG0005674,1,0,0
OG0005675,1,0,0
OG0005676,1,0,0
OG0005677,1,0,0.0769230769230769
OG0005678,1,0,0
OG0005679,1,0,0
OG0005680,1,0,0
OG0005681,1,0,0
OG0005682,1,0,0
OG0005683,1,0,0
OG0005684,1,0,0
OG0005685,1,0,0.0769230769230769
OG0005686,1,0,0
OG0005687,1,0,0
OG0005688,1,0,0
OG0005689,1,0,0
OG0005691,1,0,0
OG0005692,1,0,0
OG0005693,1,0,0
OG0005694,1,0,0
OG0005695,1,0,0
OG0005696,1,0,0
OG0005697,1,0,0
OG0005698,1,0,0
OG0005699,1,0,0
OG0005700,0.44,0.1,0
OG0005701,1,0,0
OG0005702,1,0,0
OG0005703,1,0,0
OG0005704,1,0,0
OG0005705,1,0,0
OG0005706,1,0,0
OG0005707,1,0,0
OG0005708,1,0,0
OG0005709,1,0,0
OG0005710,1,0,0
OG0005711,1,0,0
OG0005712,1,0,0
OG0005714,0.44,0.1,0
OG0005716,1,0,0
OG0005717,0.183333333333333,0.222222222222222,0
OG0005718,1,0,0
OG0005724,1,0,0
OG0005725,1,0,0
OG0005726,1,0,0
OG0005727,1,0,0
OG0005728,1,0,0
OG0005729,1,0,0
OG0005730,1,0,0
OG0005731,1,0,0
OG0005732,1,0,0
OG0005734,1,0,0
OG0005735,1,0,0
OG0005736,1,0,0
OG0005737,1,0,0
OG0005738,1,0,0
OG0005739,1,0,0
OG0005740,1,0,0
OG0005741,1,0,0
OG0005742,1,0,0
OG0005743,1,0,0
OG0005744,1,0,0
OG0005745,1,0,0
OG0005746,1,0,0
OG0005747,1,0,0
OG0005748,1,0,0
OG0005749,1,0,0
OG0005750,1,0,0
OG0005751,1,0,0
OG0005752,1,0,0
OG0005754,1,0,0
OG0005755,1,0,0
OG0005757,1,0,0
OG0005758,1,0,0
OG0005759,1,0,0
OG0005760,1,0,0
OG0005761,1,0,0
OG0005762,1,0,0
OG0005763,1,0,0
OG0005764,1,0,0
OG0005765,1,0,0
OG0005766,1,0,0
OG0005767,1,0,0
OG0005768,1,0,0
OG0005769,1,0,0
OG0005770,1,0,0
OG0005771,1,0,0
OG0005772,1,0,0
OG0005773,1,0,0
OG0005774,1,0,0
OG0005775,1,0,0
OG0005776,1,0,0
OG0005777,1,0,0
OG0005778,1,0,0
OG0005779,1,0,0
OG0005780,1,0,0
OG0005781,1,0,0
OG0005782,1,0,0
OG0005783,1,0,0
OG0005784,1,0,0
OG0005785,1,0,0
OG0005786,0.287826086956522,0.375,0.0769230769230769
OG0005787,1,0,0
OG0005788,1,0,0
OG0005789,1,0,0
OG0005790,1,0,0
OG0005791,1,0,0
OG0005792,1,0,0
OG0005793,1,0,0
OG0005794,1,0,0
OG0005795,1,0,0
OG0005796,1,0,0
OG0005797,1,0,0
OG0005798,1,0,0
OG0005799,1,0,0
OG0005800,1,0,0
OG0005801,1,0,0
OG0005802,1,0,0
OG0005803,1,0,0
OG0005804,1,0,0
OG0005805,1,0,0
OG0005806,1,0,0
OG0005807,1,0,0
OG0005808,1,0,0
OG0005809,1,0,0
OG0005810,1,0,0
OG0005811,1,0,0
OG0005812,1,0,0
OG0005813,1,0,0
OG0005814,1,0,0
OG0005815,1,0,0
OG0005816,1,0,0
OG0005817,1,0,0
OG0005818,1,0,0
OG0005819,1,0,0
OG0005820,1,0,0
OG0005821,1,0,0
OG0005822,1,0,0
OG0005823,1,0,0
OG0005824,1,0,0
OG0005825,1,0,0
OG0005826,1,0,0
OG0005827,1,0,0
OG0005828,1,0,0
OG0005829,1,0,0
OG0005830,1,0,0
OG0005831,1,0,0
OG0005832,1,0,0
OG0005833,1,0,0
OG0005834,1,0,0
OG0005835,1,0,0
OG0005836,1,0,0
OG0005837,1,0,0
OG0005838,1,0,0
OG0005839,1,0,0
OG0005840,1,0,0
OG0005841,1,0,0
OG0005842,1,0,0
OG0005843,1,0,0
OG0005844,1,0,0
OG0005845,1,0,0
OG0005846,1,0,0
OG0005847,1,0,0
OG0005848,1,0,0
OG0005849,1,0,0
OG0005850,1,0,0
OG0005851,1,0,0
OG0005852,1,0,0
OG0005853,1,0,0
OG0005854,1,0,0
OG0005855,1,0,0
OG0005856,1,0,0
OG0005857,1,0,0
OG0005858,1,0,0
OG0005859,1,0,0
OG0005860,1,0,0
OG0005861,1,0,0
OG0005862,1,0,0
OG0005863,1,0,0
OG0005864,1,0,0
OG0005865,1,0,0
OG0005866,1,0,0
OG0005867,1,0,0
OG0005868,1,0,0
OG0005869,1,0,0
OG0005870,1,0,0
OG0005871,1,0,0
OG0005872,0.287826086956522,0.375,0.0769230769230769
OG0005873,1,0,0
OG0005874,1,0,0
OG0005875,1,0,0
OG0005876,1,0,0
OG0005877,1,0,0
OG0005878,1,0,0
OG0005879,1,0,0
OG0005880,1,0,0
OG0005881,1,0,0
OG0005882,1,0,0
OG0005884,1,0,0
OG0005885,1,0,0
OG0005886,1,0,0
OG0005887,1,0,0
OG0005888,1,0,0
OG0005889,1,0,0
OG0005890,1,0,0
OG0005891,1,0,0
OG0005892,1,0,0
OG0005893,1,0,0
OG0005894,1,0,0
OG0005895,1,0,0
OG0005896,1,0,0
OG0005897,1,0,0
OG0005898,1,0,0
OG0005899,1,0,0
OG0005900,1,0,0
OG0005901,1,0,0
OG0005902,1,0,0
OG0005903,1,0,0
OG0005904,1,0,0
OG0005905,1,0,0
OG0005906,1,0,0
OG0005907,1,0,0
OG0005908,1,0,0
OG0005909,1,0,0
OG0005910,1,0,0
OG0005911,1,0,0
OG0005912,1,0,0
OG0005913,1,0,0
OG0005914,1,0,0
OG0005915,1,0,0
OG0005916,1,0,0
OG0005917,1,0,0
OG0005918,1,0,0
OG0005919,1,0,0
OG0005920,1,0,0
OG0005921,1,0,0
OG0005922,1,0,0
OG0005923,1,0,0
OG0005924,1,0,0
OG0005925,1,0,0
OG0005926,1,0,0
OG0005927,0.44,0.1,0
OG0005928,1,0,0
OG0005929,1,0,0
OG0005930,1,0,0
OG0005931,1,0,0
OG0005932,1,0,0
OG0005933,1,0,0
OG0005934,1,0,0
OG0005935,1,0,0
OG0005936,1,0,0
OG0005937,1,0,0
OG0005938,1,0,0
OG0005939,1,0,0
OG0005940,1,0,0
OG0005941,1,0,0
OG0005942,1,0,0
OG0005943,1,0,0
OG0005944,0.44,0.1,0
OG0005945,1,0,0.0769230769230769
OG0005946,1,0,0
OG0005947,1,0,0
OG0005948,1,0,0
OG0005949,1,0,0
OG0005950,1,0,0
OG0005951,1,0,0
OG0005952,1,0,0
OG0005953,1,0,0
OG0005954,1,0,0
OG0005955,1,0,0
OG0005956,1,0,0
OG0005957,1,0,0
OG0005958,1,0,0
OG0005959,1,0,0
OG0005960,1,0,0
OG0005961,1,0,0
OG0005962,1,0,0
OG0005963,1,0,0
OG0005964,1,0,0
OG0005965,1,0,0
OG0005966,1,0,0
OG0005967,1,0,0
OG0005968,1,0,0
OG0005969,1,0,0
OG0005970,1,0,0
OG0005971,1,0,0
OG0005973,1,0,0
OG0005974,1,0,0
OG0005975,1,0,0
OG0005976,1,0,0
OG0005977,1,0,0
OG0005978,1,0,0
OG0005979,1,0,0
OG0005980,1,0,0
OG0005981,1,0,0
OG0005982,1,0,0
OG0005983,1,0,0
OG0005984,1,0,0
OG0005985,1,0,0
OG0005986,1,0,0
OG0005987,1,0,0
OG0005988,1,0,0
OG0005989,1,0,0
OG0005990,1,0,0
OG0005991,1,0,0
OG0005992,1,0,0
OG0005993,1,0,0
OG0005994,1,0,0
OG0005995,1,0,0
OG0005996,1,0,0
OG0005997,1,0,0
OG0005998,1,0,0
OG0005999,1,0,0
OG0006000,1,0,0
OG0006001,1,0,0
OG0006002,1,0,0
OG0006003,1,0,0
OG0006004,1,0,0
OG0006005,1,0,0
OG0006006,1,0,0
OG0006007,1,0,0
OG0006008,1,0,0
OG0006009,1,0,0
OG0006010,1,0,0
OG0006011,1,0,0
OG0006012,1,0,0
OG0006013,1,0,0
OG0006014,1,0,0
OG0006015,1,0,0
OG0006016,1,0,0
OG0006017,1,0,0
OG0006018,1,0,0
OG0006019,1,0,0
OG0006020,1,0,0
OG0006021,1,0,0
OG0006022,1,0,0
OG0006023,1,0,0
OG0006024,1,0,0
OG0006025,1,0,0
OG0006026,1,0,0
OG0006027,1,0,0
OG0006028,1,0,0
OG0006029,1,0,0
OG0006030,1,0,0
OG0006031,1,0,0
OG0006032,1,0,0
OG0006033,1,0,0
OG0006034,1,0,0
OG0006035,1,0,0
OG0006036,1,0,0
OG0006037,1,0,0
OG0006038,1,0,0
OG0006039,1,0,0
OG0006040,1,0,0
OG0006042,1,0,0
OG0006043,1,0,0
OG0006044,1,0,0
OG0006045,1,0,0
OG0006046,1,0,0
OG0006047,1,0,0
OG0006048,1,0,0
OG0006049,1,0,0
OG0006050,1,0,0
OG0006051,1,0,0
OG0006052,1,0,0
OG0006053,1,0,0
OG0006054,1,0,0
OG0006055,1,0,0
OG0006056,1,0,0
OG0006057,1,0,0
OG0006058,1,0,0
OG0006059,1,0,0
OG0006060,1,0,0
OG0006061,1,0,0
OG0006062,1,0,0
OG0006064,1,0,0
OG0006065,1,0,0
OG0006066,1,0,0
OG0006067,1,0,0
OG0006068,1,0,0
OG0006069,1,0,0
OG0006070,1,0,0
OG0006071,1,0,0
OG0006072,1,0,0
OG0006073,1,0,0
OG0006074,1,0,0
OG0006075,1,0,0
OG0006076,1,0,0
OG0006077,1,0,0
OG0006078,1,0,0
OG0006079,1,0,0
OG0006080,1,0,0
OG0006081,1,0,0
OG0006082,1,0,0
OG0006083,1,0,0
OG0006084,1,0,0
OG0006085,1,0,0
OG0006086,1,0,0
OG0006087,1,0,0
OG0006088,1,0,0
OG0006089,1,0,0
OG0006090,1,0,0
OG0006091,1,0,0
OG0006092,1,0,0
OG0006093,1,0,0
OG0006094,1,0,0
OG0006095,1,0,0
OG0006096,1,0,0
OG0006097,1,0,0
OG0006098,1,0,0
OG0006099,1,0,0
OG0006100,1,0,0
OG0006101,1,0,0
OG0006102,1,0,0
OG0006103,1,0,0
OG0006104,1,0,0
OG0006105,1,0,0
OG0006106,1,0,0
OG0006107,1,0,0
OG0006108,1,0,0
OG0006109,1,0,0
OG0006110,1,0,0
OG0006111,1,0,0
OG0006112,1,0,0
OG0006113,1,0,0
OG0006114,1,0,0
OG0006115,1,0,0
OG0006116,1,0,0
OG0006117,1,0,0
OG0006118,1,0,0
OG0006119,1,0,0
OG0006120,1,0,0
OG0006121,1,0,0
OG0006122,1,0,0
OG0006123,1,0,0
OG0006124,1,0,0
OG0006125,1,0,0
OG0006126,1,0,0
OG0006127,1,0,0
OG0006128,1,0,0
OG0006129,1,0,0
OG0006130,1,0,0
OG0006131,1,0,0
OG0006132,1,0,0
OG0006133,1,0,0
OG0006134,1,0,0
OG0006135,1,0,0
OG0006136,1,0,0
OG0006137,1,0,0
OG0006138,1,0,0
OG0006139,1,0,0
OG0006140,1,0,0
OG0006141,1,0,0
OG0006142,1,0,0
OG0006143,1,0,0
OG0006144,1,0,0
OG0006145,1,0,0
OG0006146,1,0,0
OG0006147,1,0,0
OG0006149,1,0,0
OG0006150,1,0,0
OG0006151,1,0,0
OG0006152,1,0,0
OG0006153,1,0,0
OG0006154,1,0,0
OG0006155,1,0,0
OG0006156,1,0,0
OG0006157,1,0,0
OG0006158,1,0,0
OG0006160,1,0,0
OG0006161,1,0,0
OG0006162,1,0,0
OG0006163,1,0,0
OG0006164,1,0,0
OG0006165,1,0,0
OG0006166,1,0,0
OG0006167,1,0,0
OG0006168,1,0,0
OG0006169,1,0,0
OG0006171,1,0,0
OG0006172,1,0,0
OG0006173,1,0,0
OG0006174,1,0,0
OG0006175,1,0,0
OG0006176,1,0,0
OG0006177,1,0,0
OG0006178,1,0,0
OG0006179,1,0,0
OG0006180,1,0,0
OG0006181,1,0,0
OG0006182,1,0,0
OG0006183,1,0,0
OG0006184,1,0,0
OG0006185,1,0,0
OG0006186,1,0,0
OG0006187,1,0,0
OG0006188,1,0,0
OG0006189,1,0,0
OG0006190,1,0,0
OG0006191,1,0,0
OG0006192,1,0,0
OG0006193,1,0,0
OG0006194,1,0,0
OG0006195,1,0,0
OG0006196,1,0,0
OG0006197,1,0,0
OG0006198,1,0,0
OG0006199,1,0,0
OG0006200,1,0,0
OG0006201,1,0,0
OG0006202,1,0,0
OG0006203,1,0,0
OG0006204,1,0,0
OG0006205,1,0,0
OG0006206,1,0,0
OG0006207,1,0,0
OG0006208,1,0,0
OG0006209,1,0,0
OG0006210,1,0,0
OG0006211,1,0,0
OG0006212,1,0,0
OG0006213,1,0,0
OG0006214,1,0,0
OG0006215,1,0,0
OG0006216,1,0,0
OG0006217,1,0,0
OG0006218,1,0,0
OG0006219,1,0,0
OG0006220,1,0,0
OG0006221,1,0,0
OG0006222,1,0,0
OG0006223,1,0,0
OG0006224,1,0,0
OG0006225,1,0,0
OG0006226,1,0,0
OG0006227,1,0,0
OG0006228,1,0,0
OG0006230,1,0,0
OG0006231,1,0,0
OG0006232,1,0,0
OG0006233,1,0,0
OG0006234,1,0,0
OG0006235,1,0,0
OG0006236,1,0,0
OG0006237,1,0,0
OG0006238,1,0,0
OG0006239,1,0,0
OG0006240,1,0,0
OG0006241,1,0,0
OG0006242,1,0,0
OG0006243,1,0,0
OG0006244,1,0,0
OG0006245,1,0,0
OG0006246,1,0,0
OG0006247,1,0,0
OG0006248,1,0,0
OG0006249,1,0.1,0.0769230769230769
OG0006250,1,0,0
OG0006251,1,0,0
OG0006252,1,0,0
OG0006253,1,0,0
OG0006254,1,0,0
OG0006255,1,0,0
OG0006256,1,0,0
OG0006257,1,0,0
OG0006258,1,0,0
OG0006259,1,0,0
OG0006260,1,0,0
OG0006261,1,0,0
OG0006262,1,0,0
OG0006263,1,0,0
OG0006264,1,0,0
OG0006265,1,0,0
OG0006266,1,0,0
OG0006267,1,0,0
OG0006268,1,0,0
OG0006269,1,0,0
OG0006270,1,0,0
OG0006271,1,0,0
OG0006272,1,0,0
OG0006273,1,0,0
OG0006274,1,0,0
OG0006275,1,0,0
OG0006276,1,0,0
OG0006277,1,0,0
OG0006278,1,0,0
OG0006279,1,0,0
OG0006280,1,0,0
OG0006281,1,0,0
OG0006282,1,0,0
OG0006283,1,0,0
OG0006284,1,0,0
OG0006285,1,0,0
OG0006286,1,0,0
OG0006287,1,0,0
OG0006288,1,0,0
OG0006289,1,0,0
OG0006290,1,0,0
OG0006291,1,0,0
OG0006292,1,0,0
OG0006293,1,0,0
OG0006294,1,0,0
OG0006295,1,0,0
OG0006296,1,0,0
OG0006297,1,0,0
OG0006298,1,0,0
OG0006299,1,0,0
OG0006300,1,0,0
OG0006301,1,0,0
OG0006302,1,0,0
OG0006303,1,0,0
OG0006304,1,0,0
OG0006305,1,0,0
OG0006306,1,0,0
OG0006307,1,0,0
OG0006308,1,0,0
OG0006309,1,0,0
OG0006310,1,0,0
OG0006311,1,0,0
OG0006312,1,0,0
OG0006313,1,0,0
OG0006314,1,0,0
OG0006315,1,0,0
OG0006316,1,0,0
OG0006317,1,0,0
OG0006318,1,0,0
OG0006319,1,0,0
OG0006320,1,0,0
OG0006321,1,0,0
OG0006322,1,0,0
OG0006323,1,0,0
OG0006324,1,0,0
OG0006325,1,0,0
OG0006326,1,0,0
OG0006327,1,0,0
OG0006328,1,0,0
OG0006329,1,0,0
OG0006330,1,0,0
OG0006331,1,0,0
OG0006332,1,0,0
OG0006333,1,0,0
OG0006334,1,0,0
OG0006335,1,0,0
OG0006336,1,0,0
OG0006337,1,0,0
OG0006338,1,0,0
OG0006339,1,0,0
OG0006340,1,0,0
OG0006341,1,0,0
OG0006342,1,0,0
OG0006343,1,0,0
OG0006344,1,0,0
OG0006345,1,0,0
OG0006346,1,0,0
OG0006347,1,0,0
OG0006348,1,0,0
OG0006349,1,0,0
OG0006350,1,0,0
OG0006351,1,0,0
OG0006352,1,0,0
OG0006353,1,0,0
OG0006354,1,0,0
OG0006355,1,0,0
OG0006356,1,0,0
OG0006357,1,0,0
OG0006358,1,0,0
OG0006359,1,0,0
OG0006360,1,0,0
OG0006361,1,0,0
OG0006362,1,0,0
OG0006363,1,0,0
OG0006364,1,0,0
OG0006365,1,0,0
OG0006366,1,0,0
OG0006367,1,0,0
OG0006368,1,0,0
OG0006369,1,0,0
OG0006370,1,0,0
OG0006371,1,0,0
OG0006372,1,0,0
OG0006373,1,0,0
OG0006374,1,0,0
OG0006375,1,0,0
OG0006376,1,0,0
OG0006377,1,0,0
OG0006378,1,0,0
OG0006379,1,0,0
OG0006380,1,0,0
OG0006381,1,0,0
OG0006382,1,0,0
OG0006383,1,0,0
OG0006384,1,0,0
OG0006385,1,0,0
OG0006386,1,0,0
OG0006387,1,0,0
OG0006388,1,0,0
OG0006389,1,0,0
OG0006390,1,0,0
OG0006391,1,0,0
OG0006392,1,0,0
OG0006393,1,0,0
OG0006394,1,0,0
OG0006395,1,0,0
OG0006396,1,0,0
OG0006397,1,0,0
OG0006398,1,0,0
OG0006399,1,0,0
OG0006400,1,0,0
OG0006401,1,0,0
OG0006402,1,0,0
OG0006403,1,0,0
OG0006404,1,0,0
OG0006405,1,0,0
OG0006406,1,0,0
OG0006407,1,0,0
OG0006408,1,0,0
OG0006409,1,0,0
OG0006410,1,0,0
OG0006411,1,0,0
OG0006412,1,0,0
OG0006413,1,0,0
OG0006414,1,0,0
OG0006415,1,0,0
OG0006416,1,0,0
OG0006417,1,0,0
OG0006418,1,0,0
OG0006419,1,0,0
OG0006420,1,0,0
OG0006422,1,0,0
OG0006423,1,0,0
OG0006424,1,0,0
OG0006425,1,0,0
OG0006426,1,0,0
OG0006427,1,0,0
OG0006428,1,0,0
OG0006429,1,0,0
OG0006430,1,0,0
OG0006431,1,0,0
OG0006432,1,0,0
OG0006433,1,0,0
OG0006434,1,0,0
OG0006435,1,0,0
OG0006436,1,0,0
OG0006437,1,0,0
OG0006438,1,0,0
OG0006439,1,0,0
OG0006440,1,0,0
OG0006441,1,0,0
OG0006442,1,0,0
OG0006443,1,0,0
OG0006444,1,0,0
OG0006445,1,0,0
OG0006446,1,0,0
OG0006447,1,0,0
OG0006448,1,0,0
OG0006449,1,0,0
OG0006450,1,0,0
OG0006451,1,0,0
OG0006452,1,0,0
OG0006453,1,0,0
OG0006454,1,0,0
OG0006455,1,0,0
OG0006456,1,0,0
OG0006457,1,0,0
OG0006458,1,0,0
OG0006459,1,0,0
OG0006460,1,0,0
OG0006461,1,0,0
OG0006462,1,0,0
OG0006463,1,0,0
OG0006464,1,0,0
OG0006465,1,0,0
OG0006466,1,0,0
OG0006467,1,0,0
OG0006468,1,0,0
OG0006469,1,0,0
OG0006470,1,0,0
OG0006471,1,0,0
OG0006472,1,0,0
OG0006473,1,0,0
OG0006474,1,0,0
OG0006475,1,0,0
OG0006476,1,0,0
OG0006477,1,0,0
OG0006478,1,0,0
OG0006479,1,0,0
OG0006480,1,0,0
OG0006481,1,0,0
OG0006482,1,0,0
OG0006483,1,0,0
OG0006484,1,0,0
OG0006485,1,0,0
OG0006486,1,0,0
OG0006487,1,0,0
OG0006488,1,0,0
OG0006489,1,0,0
OG0006490,1,0,0
OG0006491,1,0,0
OG0006492,1,0,0
OG0006493,1,0,0
OG0006494,1,0,0
OG0006495,1,0,0
OG0006496,1,0,0
OG0006497,1,0,0
OG0006498,1,0,0
OG0006499,1,0,0
OG0006500,1,0,0
OG0006501,1,0,0
OG0006502,1,0,0
OG0006503,1,0,0
OG0006504,1,0,0
OG0006505,1,0,0
OG0006506,1,0,0
OG0006507,1,0,0
OG0006508,1,0,0
OG0006509,1,0,0
OG0006510,1,0,0
OG0006511,1,0,0
OG0006512,1,0,0
OG0006513,1,0,0
OG0006514,1,0,0
OG0006515,1,0,0
OG0006516,1,0,0
OG0006517,1,0,0
OG0006518,1,0,0
OG0006519,1,0,0
OG0006520,1,0,0
OG0006521,1,0,0
OG0006522,1,0,0
OG0006523,1,0,0
OG0006524,1,0,0
OG0006525,1,0,0
OG0006526,1,0,0
OG0006527,1,0,0
OG0006528,1,0,0
OG0006529,1,0,0
OG0006530,1,0,0
OG0006531,1,0,0
OG0006532,1,0,0
OG0006533,1,0,0
OG0006534,1,0,0
OG0006535,1,0,0
OG0006536,1,0,0
OG0006537,1,0,0
OG0006538,1,0,0
OG0006539,1,0,0
OG0006540,1,0,0
OG0006541,1,0,0
OG0006542,1,0,0
OG0006543,1,0,0
OG0006544,1,0,0
OG0006545,1,0,0
OG0006546,1,0,0
OG0006547,1,0,0
OG0006548,1,0,0
OG0006549,1,0,0
OG0006550,1,0,0
OG0006551,1,0,0
OG0006552,1,0,0
OG0006553,1,0,0
OG0006554,1,0,0
OG0006555,1,0,0
OG0006556,1,0,0
OG0006557,1,0,0
OG0006558,1,0,0
OG0006559,1,0,0
OG0006560,1,0,0
OG0006561,1,0,0
OG0006562,1,0,0
OG0006563,1,0,0
OG0006564,1,0,0
OG0006565,1,0,0
OG0006566,1,0,0
OG0006567,1,0,0
OG0006568,1,0,0
OG0006569,1,0,0
OG0006570,1,0,0
OG0006571,1,0,0
OG0006572,1,0,0
OG0006573,1,0,0
OG0006574,1,0,0
OG0006575,1,0,0
OG0006576,1,0,0
OG0006577,1,0,0
OG0006578,1,0,0
OG0006579,1,0,0
OG0006580,1,0,0
OG0006582,1,0,0
OG0006583,1,0,0
OG0006584,1,0,0
OG0006585,1,0,0
OG0006586,1,0,0
OG0006587,1,0,0
OG0006588,1,0,0
OG0006589,1,0,0
OG0006590,1,0,0
OG0006591,1,0,0
OG0006592,1,0,0
OG0006593,1,0,0
OG0006594,1,0,0
OG0006595,1,0,0
OG0006596,1,0,0
OG0006597,1,0,0
OG0006598,1,0,0
OG0006599,1,0,0
OG0006600,1,0,0
OG0006601,1,0,0
OG0006603,1,0,0
OG0006604,1,0,0
OG0006605,1,0,0
OG0006606,1,0,0
OG0006607,1,0,0
OG0006608,1,0,0
OG0006609,1,0,0
OG0006610,1,0,0
OG0006611,1,0,0.0769230769230769
OG0006612,1,0,0
OG0006613,1,0,0
OG0006614,1,0,0
OG0006615,1,0,0
OG0006616,1,0,0
OG0006617,1,0,0
OG0006618,1,0,0
OG0006619,1,0,0
OG0006620,1,0,0
OG0006621,1,0,0
OG0006622,1,0,0
OG0006623,1,0,0
OG0006624,1,0,0
OG0006625,1,0,0
OG0006626,1,0,0
OG0006627,0.183333333333333,0.222222222222222,0
OG0006628,1,0,0
OG0006629,1,0,0
OG0006630,1,0,0
OG0006631,1,0,0
OG0006632,1,0,0
OG0006633,1,0,0
OG0006634,1,0,0
OG0006635,1,0,0
OG0006636,1,0,0
OG0006637,1,0,0
OG0006638,1,0,0
OG0006639,1,0,0
OG0006640,1,0,0
OG0006641,1,0,0
OG0006642,1,0,0
OG0006643,1,0,0
OG0006644,1,0,0
OG0006645,1,0,0
OG0006646,1,0,0
OG0006647,1,0,0
OG0006648,1,0,0
OG0006649,1,0,0
OG0006650,1,0,0
OG0006651,1,0,0
OG0006652,1,0,0
OG0006653,1,0,0
OG0006654,1,0,0
OG0006655,1,0,0
OG0006656,1,0,0
OG0006657,1,0,0
OG0006658,1,0,0
OG0006659,1,0,0
OG0006660,1,0,0
OG0006661,1,0,0
OG0006662,1,0,0
OG0006663,1,0,0
OG0006664,1,0,0
OG0006665,1,0,0
OG0006666,1,0,0
OG0006667,1,0,0
OG0006668,1,0,0
OG0006669,1,0,0
OG0006670,1,0,0
OG0006671,1,0,0
OG0006672,1,0,0
OG0006673,1,0,0
OG0006674,1,0,0
OG0006675,1,0,0
OG0006676,1,0,0
OG0006677,1,0,0
OG0006678,1,0,0
OG0006679,1,0,0
OG0006680,1,0,0
OG0006681,1,0,0
OG0006682,1,0,0
OG0006683,1,0,0
OG0006684,1,0,0
OG0006685,1,0,0
OG0006686,1,0,0
OG0006687,1,0,0
OG0006688,1,0,0
OG0006689,1,0,0
OG0006690,1,0,0
OG0006691,1,0,0
OG0006693,1,0,0
OG0006694,1,0,0
OG0006695,1,0,0
OG0006696,1,0,0
OG0006697,1,0,0
OG0006698,1,0,0
OG0006699,1,0,0
OG0006700,1,0,0
OG0006701,1,0,0
OG0006702,1,0,0
OG0006703,1,0,0
OG0006704,1,0,0
OG0006705,1,0,0
OG0006706,1,0,0
OG0006707,1,0,0
OG0006708,1,0,0
OG0006710,1,0,0
OG0006711,1,0,0
OG0006712,1,0,0
OG0006713,1,0,0
OG0006714,1,0,0
OG0006715,1,0,0
OG0006716,1,0,0
OG0006717,1,0,0
OG0006718,1,0,0
OG0006719,1,0,0
OG0006720,1,0,0.0769230769230769
OG0006721,1,0,0
OG0006722,1,0,0
OG0006723,1,0,0
OG0006724,1,0,0
OG0006725,1,0,0
OG0006726,1,0,0
OG0006727,1,0,0
OG0006728,1,0,0
OG0006729,1,0,0
OG0006730,1,0,0
OG0006731,0.44,0.1,0
OG0006732,1,0,0
OG0006733,1,0,0
OG0006734,1,0,0
OG0006735,1,0,0
OG0006736,1,0,0
OG0006737,1,0,0
OG0006738,1,0,0
OG0006739,1,0,0
OG0006740,1,0,0
OG0006741,1,0,0
OG0006742,1,0,0
OG0006743,1,0,0
OG0006744,1,0,0
OG0006745,1,0,0
OG0006752,1,0,0
OG0006753,1,0,0
OG0006754,1,0,0
OG0006755,1,0,0
OG0006756,1,0,0
OG0006757,1,0,0
OG0006758,1,0,0
OG0006759,1,0,0
OG0006760,1,0,0
OG0006761,0.564782608695652,0.222222222222222,0.0769230769230769
OG0006762,1,0,0
OG0006763,1,0,0
OG0006764,1,0,0
OG0006765,1,0,0
OG0006766,1,0,0
OG0006767,1,0,0
OG0006768,1,0,0
OG0006769,1,0,0
OG0006770,1,0,0
OG0006771,1,0,0
OG0006772,1,0,0
OG0006773,1,0,0
OG0006774,1,0,0
OG0006775,1,0,0
OG0006776,1,0,0
OG0006777,1,0,0
OG0006778,1,0,0
OG0006779,1,0,0
OG0006780,1,0,0
OG0006781,1,0,0
OG0006782,1,0,0
OG0006783,1,0,0
OG0006784,1,0,0
OG0006785,1,0,0
OG0006786,1,0,0
OG0006787,1,0,0
OG0006788,1,0,0.0769230769230769
OG0006789,1,0,0
OG0006790,1,0,0
OG0006791,1,0.1,0.0769230769230769
OG0006792,1,0,0
OG0006793,1,0,0
OG0006794,1,0,0
OG0006795,1,0,0
OG0006796,1,0,0
OG0006797,1,0,0
OG0006798,1,0,0
OG0006799,1,0,0
OG0006800,1,0,0
OG0006801,1,0,0
OG0006802,1,0,0
OG0006803,1,0,0
OG0006804,1,0,0
OG0006805,1,0,0
OG0006806,1,0,0
OG0006807,1,0,0
OG0006808,1,0,0
OG0006809,1,0,0
OG0006810,1,0,0
OG0006811,1,0,0
OG0006812,1,0,0
OG0006813,1,0,0
OG0006814,1,0,0
OG0006815,1,0,0
OG0006816,1,0,0
OG0006818,1,0,0
OG0006819,1,0,0
OG0006820,1,0,0
OG0006821,1,0,0
OG0006823,1,0,0
OG0006824,1,0,0
OG0006825,1,0,0
OG0006826,1,0,0
OG0006827,1,0,0
OG0006828,1,0,0
OG0006829,1,0,0
OG0006830,1,0,0
OG0006831,1,0,0
OG0006832,1,0,0
OG0006833,1,0,0
OG0006834,1,0,0
OG0006835,1,0,0
OG0006836,1,0,0
OG0006837,1,0,0
OG0006838,1,0,0
OG0006839,1,0,0
OG0006840,1,0,0
OG0006841,1,0,0
OG0006842,1,0,0
OG0006843,1,0,0
OG0006844,1,0,0
OG0006845,1,0,0
OG0006846,1,0,0
OG0006847,1,0,0
OG0006848,1,0,0
OG0006849,1,0,0
OG0006850,1,0,0
OG0006851,1,0,0
OG0006852,1,0,0
OG0006853,1,0,0
OG0006854,1,0,0
OG0006855,1,0,0
OG0006856,1,0,0
OG0006857,1,0,0
OG0006858,1,0,0
OG0006859,1,0,0
OG0006860,1,0,0
OG0006861,1,0,0
OG0006862,1,0,0
OG0006863,1,0,0
OG0006864,1,0,0
OG0006865,1,0,0
OG0006866,1,0,0
OG0006867,1,0,0
OG0006868,1,0,0
OG0006869,1,0,0
OG0006870,1,0,0
OG0006871,1,0,0
OG0006872,1,0,0
OG0006873,1,0,0
OG0006874,1,0,0
OG0006875,1,0,0
OG0006876,1,0,0
OG0006877,1,0,0
OG0006878,1,0,0
OG0006879,1,0,0
OG0006880,1,0,0
OG0006881,1,0,0
OG0006882,1,0,0
OG0006883,1,0,0
OG0006884,1,0,0
OG0006885,1,0,0
OG0006886,1,0,0
OG0006887,1,0,0
OG0006888,1,0,0
OG0006889,1,0,0
OG0006890,1,0,0
OG0006891,1,0,0
OG0006893,1,0,0
OG0006894,1,0,0
OG0006895,1,0,0
OG0006896,1,0,0
OG0006897,1,0,0
OG0006898,1,0,0
OG0006899,1,0,0
OG0006900,1,0,0
OG0006901,1,0,0
OG0006902,1,0,0
OG0006903,1,0,0
OG0006904,1,0,0
OG0006905,1,0,0
OG0006906,1,0,0
OG0006907,1,0,0
OG0006908,1,0,0
OG0006909,1,0,0
OG0006910,1,0,0
OG0006911,1,0,0
OG0006912,1,0,0
OG0006913,1,0,0
OG0006914,1,0,0
OG0006915,1,0,0
OG0006916,1,0,0
OG0006917,1,0,0
OG0006918,1,0,0
OG0006919,1,0,0
OG0006920,1,0,0
OG0006921,1,0,0
OG0006922,1,0,0
OG0006923,1,0,0
OG0006924,1,0,0
OG0006925,1,0,0
OG0006926,1,0,0
OG0006927,1,0,0
OG0006928,1,0,0
OG0006929,1,0,0
OG0006930,1,0,0
OG0006931,1,0,0
OG0006932,1,0,0
OG0006933,1,0,0
OG0006934,1,0,0
OG0006935,1,0,0
OG0006936,1,0,0
OG0006937,1,0,0
OG0006938,1,0,0
OG0006939,0.133333333333333,0.571428571428571,0.0769230769230769
OG0006940,1,0,0
OG0006941,1,0,0
OG0006942,1,0,0
OG0006943,1,0,0
OG0006944,1,0,0
OG0006945,1,0,0
OG0006946,1,0,0
OG0006947,1,0,0
OG0006948,1,0,0
OG0006949,1,0,0
OG0006950,1,0,0
OG0006951,1,0,0
OG0006952,1,0,0
OG0006953,1,0,0
OG0006954,1,0,0
OG0006955,1,0,0
OG0006956,1,0,0
OG0006957,1,0,0
OG0006958,1,0,0
OG0006959,1,0,0
OG0006960,1,0,0
OG0006961,1,0,0
OG0006962,1,0,0
OG0006963,1,0,0
OG0006964,1,0,0
OG0006965,1,0,0
OG0006966,1,0,0
OG0006967,1,0,0
OG0006968,1,0,0
OG0006969,1,0,0
OG0006970,1,0,0
OG0006971,1,0,0
OG0006972,1,0,0
OG0006973,1,0,0
OG0006974,1,0,0
OG0006975,1,0,0
OG0006976,1,0,0
OG0006977,1,0,0
OG0006978,1,0,0
OG0006979,1,0,0
OG0006980,1,0,0
OG0006981,1,0,0
OG0006982,1,0,0
OG0006983,1,0,0
OG0006984,1,0,0
OG0006985,1,0,0
OG0006986,1,0,0
OG0006987,1,0,0
OG0006988,1,0,0
OG0006989,1,0,0
OG0006990,1,0,0
OG0006991,1,0,0
OG0006992,1,0,0
OG0006993,1,0,0
OG0006994,1,0,0
OG0006995,1,0,0
OG0006996,1,0,0
OG0006997,1,0,0
OG0006998,1,0,0
OG0006999,1,0,0
OG0007000,1,0,0
OG0007001,1,0,0
OG0007002,1,0,0
OG0007003,1,0,0
OG0007004,1,0,0
OG0007005,1,0,0
OG0007006,1,0,0
OG0007007,1,0,0
OG0007008,1,0,0
OG0007009,1,0,0
OG0007010,1,0,0
OG0007011,1,0,0
OG0007012,1,0,0
OG0007013,1,0,0
OG0007014,1,0,0
OG0007015,1,0,0
OG0007016,1,0,0
OG0007017,1,0,0
OG0007018,1,0,0
OG0007019,1,0,0
OG0007020,1,0,0
OG0007021,1,0,0
OG0007022,1,0,0
OG0007023,1,0,0
OG0007025,1,0,0
OG0007026,1,0,0
OG0007027,1,0,0
OG0007028,1,0,0
OG0007029,1,0,0
OG0007030,1,0,0
OG0007031,1,0,0
OG0007032,1,0,0
OG0007033,1,0,0
OG0007034,1,0,0
OG0007035,1,0,0
OG0007036,1,0,0
OG0007037,1,0,0
OG0007039,1,0,0
OG0007040,1,0,0
OG0007041,1,0,0
OG0007042,1,0,0
OG0007044,1,0,0
OG0007045,1,0,0
OG0007046,1,0,0
OG0007047,1,0,0
OG0007048,1,0,0
OG0007049,1,0,0
OG0007050,1,0,0
OG0007051,1,0,0
OG0007052,1,0,0
OG0007053,1,0,0
OG0007054,1,0,0
OG0007055,1,0,0
OG0007056,1,0,0
OG0007057,1,0,0
OG0007058,1,0,0
OG0007059,1,0,0
OG0007060,1,0,0
OG0007061,1,0,0
OG0007062,1,0,0
OG0007063,1,0,0
OG0007064,1,0,0
OG0007065,1,0,0
OG0007066,1,0,0
OG0007067,1,0,0
OG0007068,1,0,0
OG0007069,1,0,0
OG0007070,1,0,0
OG0007071,1,0,0
OG0007072,1,0,0
OG0007073,1,0,0
OG0007074,1,0,0
OG0007075,1,0,0
OG0007076,1,0,0
OG0007077,1,0,0
OG0007078,1,0,0
OG0007079,1,0,0
OG0007080,1,0,0
OG0007081,1,0,0
OG0007082,1,0,0
OG0007083,1,0,0
OG0007084,1,0,0
OG0007085,1,0,0
OG0007086,1,0,0
OG0007087,1,0,0
OG0007088,1,0,0
OG0007089,1,0,0
OG0007090,1,0,0
OG0007091,1,0,0
OG0007092,1,0,0
OG0007093,1,0,0
OG0007094,1,0,0
OG0007095,1,0,0
OG0007096,1,0,0
OG0007097,1,0,0
OG0007098,1,0,0
OG0007099,1,0,0
OG0007100,1,0,0
OG0007101,1,0,0
OG0007102,1,0,0
OG0007103,1,0,0
OG0007104,1,0,0
OG0007105,1,0.1,0.0769230769230769
OG0007106,1,0,0
OG0007107,1,0,0
OG0007108,1,0,0
OG0007109,1,0,0
OG0007110,1,0,0
OG0007111,1,0,0
OG0007112,1,0,0
OG0007113,1,0,0
OG0007114,1,0,0
OG0007115,1,0,0
OG0007116,1,0,0
OG0007117,1,0,0
OG0007118,1,0,0
OG0007119,1,0,0
OG0007120,1,0,0
OG0007121,1,0,0
OG0007122,1,0,0
OG0007123,1,0,0
OG0007124,1,0,0
OG0007125,1,0,0
OG0007126,1,0,0
OG0007127,1,0,0
OG0007128,1,0,0
OG0007129,1,0,0
OG0007130,1,0,0
OG0007131,1,0,0
OG0007132,1,0,0
OG0007133,1,0,0
OG0007134,1,0,0
OG0007135,1,0,0
OG0007136,1,0,0
OG0007137,1,0,0
OG0007138,1,0,0
OG0007139,1,0,0
OG0007140,1,0,0
OG0007141,1,0,0
OG0007142,1,0,0
OG0007143,1,0,0
OG0007144,1,0,0
OG0007145,1,0,0
OG0007146,1,0,0
OG0007147,1,0,0
OG0007148,1,0,0
OG0007149,1,0,0
OG0007150,1,0,0
OG0007151,1,0,0
OG0007152,1,0,0
OG0007153,1,0,0
OG0007154,1,0,0
OG0007155,1,0,0
OG0007156,1,0,0
OG0007157,1,0,0
OG0007158,1,0,0
OG0007159,1,0,0
OG0007160,1,0,0
OG0007161,1,0,0
OG0007162,1,0,0
OG0007163,1,0,0
OG0007164,1,0,0
OG0007165,1,0,0
OG0007166,1,0,0
OG0007167,1,0,0
OG0007168,1,0,0
OG0007169,1,0,0
OG0007170,1,0,0
OG0007171,1,0,0
OG0007172,1,0,0
OG0007173,1,0,0
OG0007174,1,0,0
OG0007175,1,0,0
OG0007176,1,0,0
OG0007177,1,0,0
OG0007178,1,0,0
OG0007179,1,0,0
OG0007180,1,0,0
OG0007181,1,0,0
OG0007182,1,0,0
OG0007183,1,0,0
OG0007184,1,0,0
OG0007185,1,0,0
OG0007186,1,0,0
OG0007187,1,0,0
OG0007188,1,0,0
OG0007189,1,0,0
OG0007190,1,0,0
OG0007191,1,0,0
OG0007192,1,0,0
OG0007193,1,0,0
OG0007195,1,0,0
OG0007196,1,0,0
OG0007197,1,0,0
OG0007198,1,0,0
OG0007199,1,0,0
OG0007200,1,0,0
OG0007201,1,0,0
OG0007202,1,0,0
OG0007203,1,0,0
OG0007204,1,0,0
OG0007205,1,0,0
OG0007206,1,0,0
OG0007207,1,0,0
OG0007208,1,0,0
OG0007209,1,0,0
OG0007210,1,0,0
OG0007211,1,0,0
OG0007212,1,0,0
OG0007213,1,0,0
OG0007214,1,0,0
OG0007215,1,0,0
OG0007216,1,0,0
OG0007217,1,0,0
OG0007218,1,0,0
OG0007219,1,0,0
OG0007220,1,0,0
OG0007221,1,0,0
OG0007222,1,0,0
OG0007223,1,0,0
OG0007224,1,0,0
OG0007225,1,0,0
OG0007226,1,0,0
OG0007227,1,0,0
OG0007228,1,0,0
OG0007229,1,0,0
OG0007230,1,0,0
OG0007231,1,0,0
OG0007232,1,0,0
OG0007233,1,0,0
OG0007234,1,0,0
OG0007235,1,0,0
OG0007236,1,0,0
OG0007237,1,0,0
OG0007238,1,0,0
OG0007239,1,0,0
OG0007240,1,0,0
OG0007241,1,0,0
OG0007242,1,0,0
OG0007243,1,0,0
OG0007244,1,0,0
OG0007245,1,0,0
OG0007246,1,0,0
OG0007247,1,0,0
OG0007248,1,0,0
OG0007249,1,0,0
OG0007250,1,0,0
OG0007251,1,0,0
OG0007252,1,0,0
OG0007253,1,0,0
OG0007254,1,0,0
OG0007256,1,0,0
OG0007257,1,0,0
OG0007258,1,0,0
OG0007259,1,0,0
OG0007260,1,0,0
OG0007261,1,0,0
OG0007262,1,0,0
OG0007263,1,0,0
OG0007264,1,0,0
OG0007265,1,0,0
OG0007266,1,0,0
OG0007267,1,0,0
OG0007268,1,0,0
OG0007269,1,0,0
OG0007270,1,0,0
OG0007271,1,0,0
OG0007272,1,0,0
OG0007273,1,0,0
OG0007274,1,0,0
OG0007275,1,0,0
OG0007276,1,0,0
OG0007277,1,0,0
OG0007278,1,0,0
OG0007279,1,0,0
OG0007280,1,0,0
OG0007281,1,0,0
OG0007282,1,0,0
OG0007283,1,0,0
OG0007284,1,0,0
OG0007285,1,0,0
OG0007286,1,0,0
OG0007287,1,0,0
OG0007288,1,0,0
OG0007289,1,0,0
OG0007290,1,0,0
OG0007291,1,0,0
OG0007292,1,0,0
OG0007293,1,0,0
OG0007294,1,0,0
OG0007295,1,0,0
OG0007296,1,0,0
OG0007297,1,0,0
OG0007298,1,0.1,0.0769230769230769
OG0007299,1,0,0
OG0007300,1,0,0
OG0007301,1,0,0
OG0007302,1,0,0
OG0007303,1,0,0
OG0007304,1,0,0
OG0007305,1,0,0
OG0007306,1,0,0
OG0007307,1,0,0
OG0007308,1,0,0
OG0007309,1,0,0
OG0007310,1,0,0
OG0007311,1,0,0
OG0007312,1,0,0
OG0007313,1,0,0
OG0007314,1,0,0
OG0007315,1,0,0
OG0007316,1,0,0
OG0007317,1,0,0
OG0007318,1,0,0
OG0007319,1,0,0
OG0007320,1,0,0
OG0007321,1,0,0
OG0007322,1,0,0
OG0007323,1,0,0
OG0007324,1,0,0
OG0007325,1,0,0
OG0007326,1,0,0
OG0007327,1,0,0
OG0007328,1,0,0
OG0007329,1,0,0
OG0007330,1,0,0
OG0007331,1,0,0
OG0007332,1,0,0
OG0007333,1,0,0
OG0007334,1,0,0
OG0007335,1,0,0
OG0007337,1,0,0
OG0007338,1,0,0
OG0007339,1,0,0
OG0007340,1,0,0
OG0007341,1,0,0
OG0007342,1,0,0
OG0007343,1,0,0
OG0007344,1,0,0
OG0007345,1,0,0
OG0007346,1,0,0
OG0007347,1,0,0
OG0007348,1,0,0
OG0007349,1,0,0
OG0007350,1,0,0
OG0007351,1,0,0
OG0007352,1,0,0
OG0007353,1,0,0
OG0007354,1,0,0
OG0007355,1,0,0
OG0007356,1,0,0
OG0007357,1,0,0
OG0007358,1,0,0
OG0007359,1,0,0
OG0007360,1,0,0
OG0007361,1,0,0
OG0007362,1,0,0
OG0007363,1,0,0
OG0007364,1,0,0
OG0007365,1,0,0
OG0007366,1,0,0
OG0007367,1,0,0
OG0007368,1,0,0
OG0007369,1,0,0
OG0007370,1,0,0
OG0007371,1,0,0
OG0007372,1,0,0
OG0007373,1,0,0
OG0007374,1,0,0
OG0007375,1,0,0
OG0007376,1,0,0
OG0007377,1,0,0
OG0007378,1,0,0
OG0007379,1,0,0
OG0007380,1,0,0
OG0007381,1,0,0
OG0007382,1,0,0
OG0007384,1,0,0
OG0007385,1,0,0
OG0007386,1,0,0
OG0007387,1,0,0
OG0007388,1,0,0
OG0007389,1,0,0
OG0007390,1,0,0
OG0007391,1,0,0
OG0007392,1,0,0
OG0007393,1,0,0
OG0007394,1,0,0
OG0007395,1,0,0
OG0007396,1,0,0
OG0007397,1,0,0
OG0007398,1,0,0
OG0007399,1,0,0
OG0007400,1,0,0
OG0007401,1,0,0
OG0007402,1,0,0
OG0007403,1,0,0
OG0007404,1,0,0
OG0007405,1,0,0
OG0007406,1,0,0
OG0007407,1,0,0
OG0007408,1,0,0
OG0007409,1,0,0
OG0007410,1,0,0
OG0007411,1,0,0
OG0007412,1,0,0
OG0007413,1,0,0
OG0007414,1,0,0
OG0007415,1,0,0
OG0007416,1,0,0
OG0007417,1,0,0
OG0007418,1,0,0
OG0007419,1,0,0
OG0007420,1,0,0
OG0007421,1,0,0
OG0007422,1,0,0
OG0007423,1,0,0
OG0007424,1,0,0
OG0007425,1,0,0
OG0007426,1,0,0
OG0007427,1,0,0
OG0007428,1,0,0
OG0007429,1,0,0
OG0007430,1,0,0
OG0007431,1,0,0
OG0007432,1,0,0
OG0007433,1,0,0
OG0007434,1,0,0
OG0007435,1,0,0
OG0007436,1,0,0
OG0007437,1,0,0
OG0007438,1,0,0
OG0007439,1,0,0
OG0007440,1,0,0
OG0007441,1,0,0
OG0007442,1,0,0
OG0007443,1,0,0
OG0007444,1,0,0
OG0007445,1,0,0
OG0007446,1,0,0
OG0007447,1,0,0
OG0007448,1,0,0
OG0007449,1,0,0
OG0007450,1,0,0
OG0007451,1,0,0
OG0007452,1,0,0
OG0007453,1,0,0
OG0007454,1,0,0
OG0007455,1,0,0
OG0007456,1,0,0
OG0007457,1,0,0
OG0007458,1,0,0
OG0007459,1,0,0
OG0007460,1,0,0
OG0007461,1,0,0
OG0007462,1,0,0
OG0007463,1,0,0
OG0007464,1,0,0
OG0007465,1,0,0
OG0007466,1,0,0
OG0007467,1,0,0
OG0007468,1,0,0
OG0007469,1,0,0
OG0007470,1,0,0
OG0007471,1,0,0
OG0007472,1,0,0
OG0007473,1,0,0
OG0007474,1,0,0
OG0007475,1,0,0
OG0007476,1,0,0
OG0007477,1,0,0
OG0007478,1,0,0
OG0007479,1,0,0
OG0007480,1,0,0
OG0007481,1,0,0
OG0007482,1,0,0
OG0007483,1,0,0
OG0007484,1,0,0
OG0007485,1,0,0
OG0007486,1,0,0
OG0007487,1,0,0
OG0007489,1,0,0
OG0007490,1,0,0
OG0007491,1,0,0
OG0007492,1,0,0
OG0007493,1,0,0
OG0007494,1,0,0
OG0007495,1,0,0
OG0007496,1,0,0
OG0007497,1,0,0
OG0007498,1,0,0
OG0007499,1,0,0
OG0007500,1,0,0
OG0007501,1,0,0
OG0007502,1,0,0
OG0007503,1,0,0
OG0007504,1,0,0
OG0007505,1,0,0
OG0007506,1,0,0
OG0007507,1,0,0
OG0007508,1,0,0
OG0007509,1,0,0
OG0007510,1,0,0
OG0007511,1,0,0
OG0007512,1,0,0
OG0007513,1,0,0
OG0007514,1,0,0
OG0007515,1,0,0
OG0007516,1,0,0
OG0007517,1,0,0
OG0007518,1,0,0
OG0007519,1,0,0
OG0007520,1,0,0
OG0007521,1,0,0
OG0007522,1,0,0
OG0007523,1,0,0
OG0007524,1,0,0
OG0007525,1,0,0
OG0007526,1,0,0
OG0007527,1,0,0
OG0007528,1,0,0
OG0007529,1,0,0
OG0007530,1,0,0
OG0007531,1,0,0
OG0007532,1,0,0
OG0007533,1,0,0
OG0007534,1,0,0
OG0007535,1,0,0
OG0007536,1,0,0
OG0007537,1,0,0
OG0007538,1,0,0
OG0007539,1,0,0
OG0007540,1,0,0
OG0007541,1,0,0
OG0007542,1,0,0
OG0007543,1,0,0
OG0007544,1,0,0
OG0007545,1,0,0
OG0007546,1,0,0
OG0007547,1,0,0
OG0007548,1,0,0
OG0007549,1,0,0
OG0007550,1,0,0
OG0007551,1,0,0
OG0007552,1,0,0
OG0007553,1,0,0
OG0007554,1,0,0
OG0007555,1,0,0
OG0007556,1,0,0
OG0007557,1,0,0
OG0007558,1,0,0
OG0007559,1,0,0
OG0007560,1,0,0
OG0007561,1,0,0
OG0007562,1,0,0
OG0007563,1,0,0
OG0007564,1,0,0
OG0007565,1,0,0
OG0007566,1,0,0
OG0007567,1,0,0
OG0007568,1,0,0
OG0007569,1,0,0
OG0007570,1,0,0
OG0007571,1,0,0
OG0007572,1,0,0
OG0007573,1,0,0
OG0007574,1,0,0
OG0007575,1,0,0
OG0007576,1,0,0
OG0007577,1,0,0
OG0007578,1,0,0
OG0007579,1,0,0
OG0007580,1,0,0
OG0007581,1,0,0
OG0007582,1,0,0
OG0007583,1,0,0
OG0007584,1,0,0
OG0007585,1,0,0
OG0007586,1,0,0
OG0007587,1,0,0
OG0007588,1,0,0
OG0007589,1,0,0
OG0007590,1,0,0
OG0007591,1,0,0
OG0007592,1,0,0
OG0007593,1,0,0
OG0007594,1,0,0
OG0007595,1,0,0
OG0007596,1,0,0
OG0007597,1,0,0
OG0007598,1,0,0
OG0007599,1,0,0
OG0007600,1,0,0
OG0007601,1,0,0
OG0007602,1,0,0
OG0007603,1,0,0
OG0007604,1,0,0
OG0007605,1,0,0
OG0007606,1,0,0
OG0007607,1,0,0
OG0007608,1,0,0
OG0007609,1,0,0
OG0007610,1,0,0
OG0007611,1,0,0
OG0007612,1,0,0
OG0007613,1,0,0
OG0007614,1,0,0
OG0007615,1,0,0
OG0007616,1,0,0
OG0007617,1,0,0
OG0007618,1,0,0
OG0007619,1,0,0
OG0007620,1,0,0
OG0007621,1,0,0
OG0007622,1,0,0
OG0007623,1,0,0
OG0007624,1,0,0
OG0007625,1,0,0
OG0007626,1,0,0
OG0007627,1,0,0
OG0007628,1,0,0
OG0007629,1,0,0
OG0007630,1,0,0
OG0007631,1,0,0
OG0007632,1,0,0
OG0007633,1,0,0
OG0007634,1,0,0
OG0007635,1,0,0
OG0007636,1,0,0
OG0007637,1,0,0
OG0007638,1,0,0
OG0007639,1,0,0
OG0007640,1,0,0
OG0007641,1,0,0
OG0007642,1,0,0
OG0007643,1,0,0
OG0007644,1,0,0
OG0007645,1,0,0
OG0007646,1,0,0
OG0007647,1,0,0
OG0007648,1,0,0
OG0007649,1,0,0
OG0007650,1,0,0
OG0007651,1,0,0
OG0007652,1,0,0
OG0007653,1,0,0
OG0007654,1,0,0
OG0007655,1,0,0
OG0007656,1,0,0
OG0007657,1,0,0
OG0007658,1,0,0
OG0007659,1,0,0
OG0007660,1,0,0
OG0007661,1,0,0
OG0007662,1,0,0
OG0007663,1,0,0
OG0007664,1,0,0
OG0007665,1,0,0
OG0007666,1,0,0
OG0007667,1,0,0
OG0007668,1,0,0
OG0007669,1,0,0
OG0007670,1,0,0
OG0007671,1,0,0
OG0007672,1,0,0
OG0007673,1,0,0
OG0007674,1,0,0
OG0007675,1,0,0
OG0007676,1,0,0
OG0007677,1,0,0
OG0007678,1,0,0
OG0007679,1,0,0
OG0007680,1,0,0
OG0007681,1,0,0
OG0007682,1,0,0
OG0007683,1,0,0
OG0007684,1,0,0
OG0007685,1,0,0
OG0007686,1,0,0
OG0007687,1,0,0
OG0007688,1,0,0
OG0007689,1,0,0
OG0007690,1,0,0
OG0007691,1,0,0
OG0007692,1,0,0
OG0007693,1,0,0
OG0007694,1,0,0
OG0007695,1,0,0
OG0007696,1,0,0
OG0007697,1,0,0
OG0007698,1,0,0
OG0007699,1,0,0
OG0007700,1,0,0
OG0007701,1,0,0
OG0007702,1,0,0
OG0007703,1,0,0
OG0007704,1,0,0
OG0007705,1,0,0
OG0007706,1,0,0
OG0007707,1,0,0
OG0007708,1,0,0
OG0007709,1,0,0
OG0007710,1,0,0
OG0007711,1,0,0
OG0007712,1,0,0
OG0007713,1,0,0
OG0007714,1,0,0
OG0007715,1,0,0
OG0007716,1,0,0.0769230769230769
OG0007717,1,0,0
OG0007718,1,0,0
OG0007719,1,0,0
OG0007720,1,0,0
OG0007721,1,0,0
OG0007722,1,0,0
OG0007723,1,0,0
OG0007724,1,0,0
OG0007725,1,0,0
OG0007726,1,0,0
OG0007727,1,0,0
OG0007728,1,0,0
OG0007729,1,0,0
OG0007730,1,0,0
OG0007731,1,0,0
OG0007732,1,0,0
OG0007734,1,0,0
OG0007735,1,0,0
OG0007736,1,0,0
OG0007737,1,0,0
OG0007738,1,0,0
OG0007739,1,0,0
OG0007740,1,0,0
OG0007741,1,0,0
OG0007742,1,0,0
OG0007743,1,0,0
OG0007744,1,0,0
OG0007745,1,0,0
OG0007746,1,0,0
OG0007747,1,0,0
OG0007748,1,0,0
OG0007749,1,0,0
OG0007750,1,0,0
OG0007751,1,0,0
OG0007752,1,0,0
OG0007753,1,0,0
OG0007754,1,0,0
OG0007755,1,0,0
OG0007756,1,0,0
OG0007757,1,0,0
OG0007758,1,0,0
OG0007759,1,0,0
OG0007760,1,0,0
OG0007761,1,0,0
OG0007762,1,0,0
OG0007763,1,0,0
OG0007764,1,0,0
OG0007765,1,0,0
OG0007766,1,0,0
OG0007767,1,0,0
OG0007768,1,0,0
OG0007769,1,0,0
OG0007770,1,0,0
OG0007771,1,0,0
OG0007772,1,0,0
OG0007773,1,0,0
OG0007774,1,0,0
OG0007775,1,0,0
OG0007776,1,0,0
OG0007777,1,0,0
OG0007778,1,0,0
OG0007779,1,0,0
OG0007780,1,0,0
OG0007781,1,0,0
OG0007782,1,0,0
OG0007783,1,0,0
OG0007784,1,0,0
OG0007785,1,0,0
OG0007786,1,0,0
OG0007787,1,0,0
OG0007788,1,0,0
OG0007789,1,0,0
OG0007790,1,0,0
OG0007791,1,0,0
OG0007792,1,0,0
OG0007793,1,0,0
OG0007794,1,0,0
OG0007795,1,0,0
OG0007796,1,0,0
OG0007797,1,0,0
OG0007799,1,0,0
OG0007800,1,0,0
OG0007801,1,0,0
OG0007802,1,0,0
OG0007803,1,0,0
OG0007804,1,0,0
OG0007805,1,0,0
OG0007806,1,0,0
OG0007807,1,0,0
OG0007808,1,0,0
OG0007809,1,0,0
OG0007810,1,0,0
OG0007811,1,0,0
OG0007812,1,0,0
OG0007813,1,0,0
OG0007814,1,0,0
OG0007815,1,0,0
OG0007816,1,0,0
OG0007817,1,0,0
OG0007818,1,0,0
OG0007819,1,0,0
OG0007820,1,0,0
OG0007821,1,0,0
OG0007822,1,0,0
OG0007823,1,0,0
OG0007824,1,0,0
OG0007825,1,0,0
OG0007826,1,0,0
OG0007827,1,0,0
OG0007828,1,0,0
OG0007829,1,0,0
OG0007830,1,0,0
OG0007831,1,0,0
OG0007832,1,0,0
OG0007833,1,0,0
OG0007834,1,0,0
OG0007835,1,0,0
OG0007836,1,0,0
OG0007837,1,0,0
OG0007838,1,0,0
OG0007839,1,0,0
OG0007840,1,0,0
OG0007841,1,0,0
OG0007842,1,0,0
OG0007843,1,0,0
OG0007844,1,0,0
OG0007845,1,0,0
OG0007846,1,0,0
OG0007847,1,0,0
OG0007848,1,0,0
OG0007849,1,0,0
OG0007850,1,0,0
OG0007851,1,0,0
OG0007852,1,0,0
OG0007853,1,0,0
OG0007854,1,0,0
OG0007855,1,0,0
OG0007856,1,0,0
OG0007857,1,0,0
OG0007858,1,0,0
OG0007859,1,0,0
OG0007860,1,0,0
OG0007861,1,0,0
OG0007862,1,0,0
OG0007863,1,0,0
OG0007864,1,0,0
OG0007865,1,0,0
OG0007866,1,0,0
OG0007867,1,0,0
OG0007868,1,0,0
OG0007869,1,0,0
OG0007870,1,0,0
OG0007871,1,0,0
OG0007872,1,0,0
OG0007873,1,0,0
OG0007874,1,0,0
OG0007875,1,0,0
OG0007876,1,0,0
OG0007877,1,0,0
OG0007878,1,0,0
OG0007879,1,0,0
OG0007880,1,0,0
OG0007881,1,0,0
OG0007882,1,0,0
OG0007883,1,0,0
OG0007884,1,0,0
OG0007885,1,0,0
OG0007886,1,0,0
OG0007887,1,0,0
OG0007888,1,0,0
OG0007889,1,0,0
OG0007890,1,0,0
OG0007891,1,0,0
OG0007892,1,0,0
OG0007893,1,0,0
OG0007894,1,0,0
OG0007895,1,0,0
OG0007896,1,0,0
OG0007897,1,0,0
OG0007898,1,0,0
OG0007899,1,0,0
OG0007900,1,0,0
OG0007901,1,0,0
OG0007902,1,0,0
OG0007903,1,0,0
OG0007904,1,0,0
OG0007905,1,0,0
OG0007906,1,0,0
OG0007907,1,0,0
OG0007908,1,0,0
OG0007909,1,0,0
OG0007910,1,0,0
OG0007911,1,0,0
OG0007912,1,0,0
OG0007913,1,0,0
OG0007914,1,0,0
OG0007915,1,0,0
OG0007916,1,0,0
OG0007917,1,0,0
OG0007918,1,0,0
OG0007919,1,0,0
OG0007920,1,0,0
OG0007921,1,0,0
OG0007922,1,0,0
OG0007923,1,0,0
OG0007924,1,0,0
OG0007925,1,0,0
OG0007926,1,0,0
OG0007927,1,0,0
OG0007928,1,0,0
OG0007929,1,0,0
OG0007930,1,0,0
OG0007931,1,0,0
OG0007932,1,0,0
OG0007933,1,0,0
OG0007934,1,0,0
OG0007935,1,0,0
OG0007936,1,0,0
OG0007937,1,0,0
OG0007938,1,0,0
OG0007939,1,0,0
OG0007940,1,0,0
OG0007941,1,0,0
OG0007942,1,0,0
OG0007943,1,0,0
OG0007944,1,0,0
OG0007945,1,0,0
OG0007946,1,0,0
OG0007947,1,0,0
OG0007948,1,0,0
OG0007949,1,0,0
OG0007950,1,0,0
OG0007951,1,0,0
OG0007952,1,0,0
OG0007953,1,0,0
OG0007954,1,0,0
OG0007955,1,0,0
OG0007956,1,0,0
OG0007957,1,0,0
OG0007958,1,0,0
OG0007959,1,0,0
OG0007960,1,0,0
OG0007961,1,0,0
OG0007962,1,0,0
OG0007963,1,0,0
OG0007964,1,0,0
OG0007965,1,0,0
OG0007966,1,0,0
OG0007967,1,0,0
OG0007968,1,0,0
OG0007969,1,0,0
OG0007970,1,0,0
OG0007971,1,0,0
OG0007972,1,0,0
OG0007973,1,0,0
OG0007974,1,0,0
OG0007975,1,0,0
OG0007976,1,0,0
OG0007977,1,0,0
OG0007978,1,0,0
OG0007979,1,0,0
OG0007980,1,0,0
OG0007981,1,0,0
OG0007982,1,0,0
OG0007983,1,0,0
OG0007984,1,0,0
OG0007985,1,0,0
OG0007986,1,0,0
OG0007987,1,0,0
OG0007988,1,0,0
OG0007989,1,0,0
OG0007990,1,0,0
OG0007991,1,0,0
OG0007992,1,0,0
OG0007993,1,0,0
OG0007994,1,0,0
OG0007995,1,0,0
OG0007996,1,0,0
OG0007997,1,0,0
OG0007998,0.44,0.1,0
OG0007999,1,0,0
OG0008000,1,0,0
OG0008001,1,0,0
OG0008002,1,0,0
OG0008003,1,0,0
OG0008004,1,0,0
OG0008005,1,0,0
OG0008006,1,0,0
OG0008007,1,0,0
OG0008008,1,0,0
OG0008009,1,0,0
OG0008011,1,0,0
OG0008012,1,0,0
OG0008013,1,0,0
OG0008014,1,0,0
OG0008015,1,0,0
OG0008016,1,0,0
OG0008017,1,0,0
OG0008018,1,0,0
OG0008019,1,0,0
OG0008020,1,0,0
OG0008022,1,0,0
OG0008024,1,0,0
OG0008025,1,0,0
OG0008026,1,0,0
OG0008027,1,0,0
OG0008028,1,0,0
OG0008029,1,0,0
OG0008030,1,0,0
OG0008031,1,0,0
OG0008032,1,0,0
OG0008033,1,0,0
OG0008034,1,0,0
OG0008035,1,0,0
OG0008036,1,0,0
OG0008037,1,0,0
OG0008038,1,0,0
OG0008039,1,0,0
OG0008040,1,0,0
OG0008041,1,0,0
OG0008042,1,0,0
OG0008043,1,0,0
OG0008044,1,0,0
OG0008045,1,0,0.0769230769230769
OG0008046,1,0,0
OG0008047,1,0,0
OG0008048,1,0,0
OG0008049,1,0,0
OG0008050,1,0,0
OG0008051,1,0,0
OG0008054,1,0,0
OG0008055,1,0,0
OG0008056,1,0,0
OG0008057,1,0,0
OG0008058,1,0,0
OG0008059,1,0,0
OG0008060,1,0,0
OG0008061,1,0,0
OG0008062,1,0,0
OG0008063,1,0,0
OG0008064,1,0,0
OG0008065,1,0,0
OG0008066,1,0,0
OG0008067,1,0,0
OG0008068,1,0,0
OG0008069,1,0,0
OG0008070,1,0,0
OG0008071,1,0,0
OG0008072,1,0,0
OG0008073,1,0,0
OG0008074,1,0,0.0769230769230769
OG0008075,1,0,0
OG0008076,1,0,0
OG0008077,1,0,0
OG0008078,1,0,0
OG0008079,1,0,0
OG0008080,1,0,0
OG0008082,1,0,0
OG0008083,1,0,0
OG0008085,1,0,0
OG0008086,1,0,0
OG0008087,1,0,0
OG0008088,1,0,0
OG0008089,1,0,0
OG0008091,1,0,0
OG0008092,1,0,0
OG0008093,1,0,0
OG0008095,1,0,0
OG0008096,1,0,0.0769230769230769
OG0008097,1,0,0
OG0008101,1,0,0
OG0008113,1,0,0
OG0008114,1,0,0
OG0008115,1,0,0
OG0008116,1,0,0
OG0008117,1,0,0
OG0008118,1,0,0
OG0008119,1,0,0
OG0008120,1,0,0
OG0008121,1,0,0
OG0008122,1,0,0
OG0008124,1,0,0
OG0008125,1,0,0
OG0008126,1,0,0
OG0008127,1,0,0
OG0008128,1,0,0
OG0008129,1,0,0
OG0008130,1,0,0
OG0008131,1,0,0
OG0008132,1,0,0
OG0008133,1,0,0
OG0008135,1,0,0
OG0008136,1,0,0
OG0008137,1,0,0
OG0008138,1,0,0
OG0008139,1,0,0
OG0008140,1,0,0
OG0008141,1,0,0
OG0008142,1,0,0
OG0008143,1,0,0
OG0008144,1,0,0
OG0008145,1,0,0
OG0008146,1,0,0
OG0008147,1,0,0
OG0008148,1,0,0
OG0008149,1,0,0
OG0008150,1,0,0
OG0008151,1,0,0
OG0008152,1,0,0
OG0008153,1,0,0
OG0008154,1,0,0
OG0008155,1,0,0
OG0008156,1,0,0
OG0008157,1,0,0
OG0008158,1,0,0
OG0008159,1,0,0
OG0008160,1,0,0
OG0008161,1,0,0
OG0008162,1,0,0
OG0008163,1,0,0
OG0008164,1,0,0
OG0008165,1,0,0
OG0008166,1,0,0
OG0008167,1,0,0
OG0008168,1,0,0
OG0008169,1,0,0
OG0008170,1,0,0
OG0008171,1,0,0
OG0008172,1,0,0
OG0008173,1,0,0
OG0008174,1,0,0
OG0008175,1,0,0
OG0008176,1,0,0
OG0008177,1,0,0
OG0008178,1,0,0
OG0008179,1,0,0
OG0008180,1,0,0
OG0008181,1,0,0
OG0008182,1,0,0
OG0008183,1,0,0
OG0008184,1,0,0
OG0008185,1,0,0
OG0008186,1,0,0
OG0008187,1,0,0
OG0008188,1,0,0
OG0008189,1,0,0
OG0008190,1,0,0
OG0008191,1,0,0
OG0008192,1,0,0
OG0008195,1,0,0
OG0008196,1,0,0
OG0008197,1,0,0
OG0008198,1,0,0
OG0008199,1,0,0
OG0008200,1,0,0
OG0008201,1,0,0
OG0008202,1,0,0
OG0008203,1,0,0
OG0008204,1,0,0
OG0008205,1,0,0
OG0008206,1,0,0
OG0008207,1,0,0
OG0008208,1,0,0
OG0008209,1,0,0
OG0008210,1,0,0
OG0008211,1,0,0
OG0008212,1,0,0
OG0008213,1,0,0
OG0008214,1,0,0
OG0008215,1,0,0
OG0008216,1,0,0
OG0008217,1,0,0
OG0008218,1,0,0
OG0008219,1,0,0
OG0008220,1,0,0
OG0008221,1,0,0
OG0008222,1,0,0
OG0008223,1,0,0
OG0008224,1,0,0
OG0008225,1,0,0
OG0008226,1,0,0
OG0008227,1,0,0
OG0008228,1,0,0
OG0008229,1,0,0
OG0008230,1,0,0
OG0008231,1,0,0
OG0008232,1,0,0
OG0008233,1,0,0
OG0008234,1,0,0
OG0008235,1,0,0
OG0008236,1,0,0
OG0008237,1,0,0
OG0008238,1,0,0
OG0008239,1,0,0
OG0008240,1,0,0
OG0008241,1,0,0
OG0008242,1,0,0
OG0008243,1,0,0
OG0008244,1,0,0
OG0008245,1,0,0
OG0008246,1,0,0
OG0008247,1,0,0
OG0008248,1,0,0
OG0008249,1,0,0
OG0008250,1,0,0
OG0008251,1,0,0
OG0008252,1,0,0
OG0008253,1,0,0
OG0008254,1,0,0
OG0008255,1,0,0
OG0008256,1,0,0
OG0008257,1,0,0
OG0008258,1,0,0
OG0008259,1,0,0
OG0008260,1,0,0
OG0008261,1,0,0
OG0008262,1,0,0
OG0008263,1,0,0
OG0008264,1,0,0
OG0008265,1,0,0
OG0008266,1,0,0
OG0008267,1,0,0
OG0008268,1,0,0
OG0008269,1,0,0
OG0008270,1,0,0
OG0008271,1,0,0
OG0008272,1,0,0
OG0008274,1,0,0
OG0008275,1,0,0
OG0008276,1,0,0
OG0008277,1,0,0
OG0008278,1,0,0
OG0008279,1,0,0
OG0008280,1,0,0
OG0008281,1,0,0
OG0008283,1,0,0
OG0008284,1,0,0
OG0008285,1,0,0
OG0008286,1,0,0
OG0008288,1,0,0
OG0008289,1,0,0
OG0008290,1,0,0
OG0008291,1,0,0
OG0008292,1,0,0
OG0008293,1,0,0
OG0008294,1,0,0
OG0008295,1,0,0
OG0008296,1,0,0
OG0008297,1,0,0
OG0008298,1,0,0
OG0008299,1,0,0
OG0008300,1,0,0
OG0008301,1,0,0
OG0008303,1,0,0
OG0008304,1,0,0
OG0008305,1,0,0
OG0008306,1,0,0
OG0008307,1,0,0
OG0008308,1,0,0
OG0008309,1,0,0
OG0008310,1,0,0
OG0008311,1,0,0
OG0008312,1,0,0
OG0008313,1,0,0
OG0008314,1,0,0
OG0008315,1,0,0
OG0008316,1,0,0
OG0008317,1,0,0
OG0008318,1,0,0
OG0008319,1,0,0
OG0008320,1,0,0
OG0008321,1,0,0
OG0008322,1,0,0
OG0008323,1,0,0
OG0008324,1,0,0
OG0008325,1,0,0
OG0008326,1,0,0
OG0008327,1,0,0
OG0008328,1,0,0
OG0008329,1,0,0
OG0008330,1,0,0
OG0008331,1,0,0
OG0008332,1,0,0
OG0008333,1,0,0
OG0008334,1,0,0
OG0008335,1,0,0
OG0008336,1,0,0
OG0008337,1,0,0
OG0008338,1,0,0
OG0008339,1,0,0
OG0008340,1,0,0
OG0008341,1,0,0
OG0008342,1,0,0
OG0008343,1,0,0
OG0008344,1,0,0
OG0008345,1,0,0
OG0008346,1,0,0
OG0008347,1,0,0
OG0008348,1,0,0
OG0008349,1,0,0
OG0008350,1,0,0
OG0008351,1,0,0
OG0008352,1,0,0
OG0008353,1,0,0
OG0008354,1,0,0
OG0008355,1,0,0
OG0008356,1,0,0
OG0008357,1,0,0
OG0008358,1,0,0
OG0008359,1,0,0
OG0008360,1,0,0
OG0008361,1,0,0
OG0008362,1,0,0
OG0008363,1,0,0
OG0008365,1,0,0
OG0008366,1,0,0
OG0008367,1,0,0
OG0008368,1,0,0
OG0008369,1,0,0
OG0008370,1,0,0
OG0008371,1,0,0
OG0008372,1,0,0
OG0008373,1,0,0
OG0008374,1,0,0
OG0008375,1,0,0
OG0008376,1,0,0
OG0008377,1,0,0
OG0008378,1,0,0
OG0008379,1,0,0
OG0008380,1,0,0
OG0008381,1,0,0
OG0008382,1,0,0
OG0008383,1,0,0
OG0008384,1,0,0
OG0008385,1,0,0
OG0008387,1,0,0
OG0008388,1,0,0
OG0008389,1,0,0
OG0008390,1,0,0
OG0008391,1,0,0
OG0008392,1,0,0
OG0008393,1,0,0
OG0008394,1,0,0
OG0008395,1,0,0
OG0008396,1,0,0
OG0008397,1,0,0
OG0008398,1,0,0
OG0008399,1,0,0
OG0008400,1,0,0
OG0008401,1,0,0
OG0008402,1,0,0
OG0008403,1,0,0
OG0008404,1,0,0
OG0008405,1,0,0
OG0008406,1,0,0
OG0008407,1,0,0
OG0008408,1,0,0
OG0008409,1,0,0
OG0008410,1,0,0
OG0008411,1,0,0
OG0008412,1,0,0
OG0008413,1,0,0
OG0008414,1,0,0
OG0008415,1,0,0
OG0008416,1,0,0
OG0008417,1,0,0
OG0008418,1,0,0
OG0008419,1,0,0
OG0008420,1,0,0
OG0008421,1,0,0
OG0008422,1,0,0
OG0008423,1,0,0
OG0008424,1,0,0
OG0008425,1,0,0
OG0008426,1,0,0
OG0008427,1,0,0
OG0008428,1,0,0
OG0008429,1,0,0
OG0008430,1,0,0
OG0008431,1,0,0
OG0008432,1,0,0
OG0008434,1,0,0
OG0008435,1,0,0
OG0008436,1,0,0
OG0008437,1,0,0
OG0008438,1,0,0
OG0008439,1,0,0
OG0008440,1,0,0
OG0008441,1,0,0
OG0008442,1,0,0
OG0008444,1,0,0
OG0008445,1,0,0
OG0008446,1,0.1,0.166666666666667
OG0008447,1,0,0
OG0008448,1,0,0
OG0008449,1,0,0
OG0008450,1,0,0
OG0008451,1,0,0
OG0008452,1,0,0
OG0008453,1,0,0
OG0008454,1,0,0
OG0008455,1,0,0
OG0008456,1,0,0
OG0008457,1,0,0
OG0008458,1,0,0
OG0008459,1,0,0
OG0008460,1,0,0
OG0008461,1,0,0
OG0008462,1,0,0
OG0008463,1,0,0
OG0008464,1,0,0
OG0008465,1,0,0
OG0008466,1,0,0
OG0008467,1,0,0
OG0008468,1,0,0
OG0008469,1,0,0
OG0008470,1,0,0
OG0008471,1,0,0
OG0008472,1,0,0
OG0008473,1,0,0
OG0008474,1,0,0
OG0008475,1,0,0
OG0008476,1,0,0
OG0008477,1,0,0
OG0008478,1,0,0
OG0008479,1,0,0
OG0008480,1,0,0
OG0008481,1,0,0
OG0008482,1,0,0
OG0008483,1,0,0
OG0008484,1,0,0
OG0008485,1,0,0
OG0008486,1,0,0
OG0008487,1,0,0
OG0008488,1,0,0
OG0008489,1,0,0
OG0008490,1,0,0
OG0008491,1,0,0
OG0008492,1,0,0
OG0008493,1,0,0
OG0008494,1,0,0
OG0008495,1,0,0
OG0008496,1,0,0
OG0008497,1,0,0
OG0008498,1,0,0
OG0008499,1,0,0
OG0008500,1,0,0
OG0008501,1,0,0
OG0008502,1,0,0
OG0008503,1,0,0
OG0008504,1,0,0
OG0008505,1,0,0
OG0008506,1,0,0
OG0008507,1,0,0
OG0008508,1,0,0
OG0008509,1,0,0
OG0008510,1,0,0
OG0008511,1,0,0
OG0008512,1,0,0
OG0008513,1,0,0
OG0008514,1,0,0
OG0008515,1,0,0
OG0008516,1,0,0
OG0008517,1,0,0
OG0008518,1,0,0
OG0008519,1,0,0
OG0008520,1,0,0
OG0008521,1,0,0
OG0008522,1,0,0
OG0008523,1,0,0
OG0008524,1,0,0
OG0008525,1,0,0
OG0008526,1,0,0
OG0008527,1,0,0
OG0008528,1,0,0
OG0008529,1,0,0
OG0008530,1,0,0
OG0008531,1,0,0
OG0008532,1,0,0
OG0008533,1,0,0
OG0008534,1,0,0
OG0008535,1,0,0
OG0008536,1,0,0
OG0008537,1,0,0
OG0008538,1,0,0
OG0008539,1,0,0
OG0008540,1,0,0
OG0008542,1,0,0
OG0008543,1,0,0
OG0008544,1,0,0
OG0008545,1,0,0
OG0008546,1,0,0
OG0008547,1,0,0
OG0008548,1,0,0
OG0008549,1,0,0
OG0008550,1,0,0
OG0008551,1,0,0
OG0008552,1,0,0
OG0008553,1,0,0
OG0008554,1,0,0
OG0008555,1,0,0
OG0008556,1,0,0
OG0008557,1,0,0
OG0008558,1,0,0
OG0008559,1,0,0
OG0008560,1,0,0
OG0008561,1,0,0
OG0008562,1,0,0
OG0008563,1,0,0
OG0008564,1,0,0
OG0008565,1,0,0
OG0008566,1,0,0
OG0008567,1,0,0
OG0008568,1,0,0
OG0008569,1,0,0
OG0008570,1,0,0
OG0008571,1,0,0
OG0008572,1,0,0
OG0008573,1,0,0
OG0008574,1,0,0
OG0008575,1,0,0
OG0008576,1,0,0
OG0008577,1,0,0
OG0008578,1,0,0
OG0008579,1,0,0
OG0008580,1,0,0
OG0008581,1,0,0
OG0008582,1,0,0
OG0008583,1,0,0
OG0008584,1,0,0
OG0008585,1,0,0
OG0008586,1,0,0
OG0008587,1,0,0
OG0008588,1,0,0
OG0008589,1,0,0
OG0008590,1,0,0
OG0008591,1,0,0
OG0008592,1,0,0
OG0008593,1,0,0
OG0008594,1,0,0
OG0008595,1,0,0
OG0008596,1,0,0
OG0008597,1,0,0
OG0008598,1,0,0
OG0008599,1,0,0
OG0008600,1,0,0
OG0008601,1,0,0
OG0008602,1,0,0
OG0008603,1,0,0
OG0008604,1,0,0
OG0008605,1,0,0
OG0008606,1,0,0
OG0008607,1,0,0
OG0008608,1,0,0
OG0008609,1,0,0
OG0008610,1,0,0
OG0008611,1,0,0
OG0008612,1,0,0
OG0008613,1,0,0
OG0008614,1,0,0
OG0008615,1,0,0
OG0008616,1,0,0
OG0008617,1,0,0
OG0008619,1,0,0
OG0008620,1,0,0
OG0008621,1,0,0
OG0008622,1,0,0
OG0008623,1,0,0
OG0008624,1,0,0
OG0008625,1,0,0
OG0008626,1,0,0
OG0008627,1,0,0
OG0008628,1,0,0
OG0008629,1,0,0
OG0008630,1,0,0
OG0008631,1,0,0
OG0008632,1,0,0
OG0008633,1,0,0
OG0008634,1,0,0
OG0008635,1,0,0
OG0008636,1,0,0
OG0008637,1,0,0
OG0008638,1,0,0
OG0008639,1,0,0
OG0008640,1,0,0
OG0008641,1,0,0
OG0008642,1,0,0
OG0008643,1,0,0
OG0008644,1,0,0
OG0008645,1,0,0
OG0008646,1,0,0
OG0008647,1,0,0
OG0008648,1,0,0
OG0008649,1,0,0
OG0008650,1,0,0
OG0008651,1,0,0
OG0008652,1,0,0
OG0008653,1,0,0
OG0008654,1,0,0
OG0008655,1,0,0
OG0008656,1,0,0
OG0008657,1,0,0
OG0008658,1,0,0
OG0008659,1,0,0
OG0008660,1,0,0
OG0008661,1,0,0
OG0008663,1,0,0
OG0008664,1,0,0
OG0008665,1,0,0
OG0008666,1,0,0
OG0008667,1,0,0
OG0008668,1,0,0
OG0008669,1,0,0
OG0008670,1,0,0
OG0008671,1,0,0
OG0008672,1,0,0
OG0008673,1,0,0
OG0008674,1,0,0
OG0008675,1,0,0
OG0008676,1,0,0
OG0008677,1,0,0
OG0008678,1,0,0
OG0008679,1,0,0
OG0008680,1,0,0
OG0008681,1,0,0
OG0008682,1,0,0
OG0008683,1,0,0
OG0008684,1,0,0
OG0008685,1,0,0
OG0008686,1,0,0
OG0008688,1,0,0
OG0008689,1,0,0
OG0008690,1,0,0
OG0008691,1,0,0
OG0008692,1,0,0
OG0008693,1,0,0
OG0008694,1,0,0
OG0008695,1,0,0
OG0008696,1,0,0
OG0008697,1,0,0
OG0008698,1,0,0
OG0008699,1,0,0
OG0008701,1,0,0
OG0008702,1,0,0
OG0008703,1,0,0
OG0008704,1,0,0
OG0008705,1,0,0
OG0008706,1,0,0
OG0008707,0.44,0.1,0
OG0008708,1,0,0
OG0008709,1,0,0
OG0008710,1,0,0
OG0008711,1,0,0
OG0008712,1,0,0
OG0008713,1,0,0
OG0008714,1,0,0
OG0008715,1,0,0
OG0008716,1,0,0
OG0008717,1,0,0
OG0008718,1,0,0
OG0008719,1,0,0
OG0008720,1,0,0
OG0008721,1,0,0
OG0008722,1,0,0
OG0008723,1,0,0
OG0008724,1,0,0
OG0008725,1,0,0
OG0008726,1,0,0
OG0008727,1,0,0
OG0008728,1,0,0
OG0008729,1,0,0
OG0008730,1,0,0
OG0008731,1,0,0
OG0008732,1,0,0
OG0008733,1,0,0
OG0008734,1,0,0
OG0008735,1,0,0
OG0008736,1,0,0
OG0008737,1,0,0
OG0008738,1,0,0
OG0008739,1,0,0
OG0008740,1,0,0
OG0008741,1,0,0
OG0008742,1,0,0
OG0008743,1,0,0
OG0008744,1,0,0
OG0008745,1,0,0
OG0008746,1,0,0
OG0008747,1,0,0
OG0008749,1,0,0
OG0008750,1,0,0
OG0008751,1,0,0
OG0008752,1,0,0
OG0008753,1,0,0
OG0008754,1,0,0
OG0008755,1,0,0
OG0008756,1,0,0
OG0008757,1,0,0
OG0008758,1,0,0
OG0008759,1,0,0
OG0008760,1,0,0
OG0008761,1,0,0
OG0008762,1,0,0
OG0008763,1,0,0
OG0008764,1,0,0
OG0008765,1,0,0
OG0008766,1,0,0
OG0008767,1,0,0
OG0008768,1,0,0
OG0008769,1,0,0
OG0008770,1,0,0
OG0008771,1,0,0
OG0008772,1,0,0
OG0008773,1,0,0
OG0008774,1,0,0
OG0008775,1,0,0
OG0008776,1,0,0
OG0008777,1,0,0
OG0008778,1,0,0
OG0008779,1,0,0
OG0008780,1,0,0
OG0008781,1,0,0
OG0008782,1,0,0
OG0008783,1,0,0
OG0008784,1,0,0
OG0008785,1,0,0
OG0008786,1,0,0
OG0008787,1,0,0
OG0008788,1,0,0
OG0008789,1,0,0
OG0008790,1,0,0
OG0008791,1,0,0
OG0008792,1,0,0
OG0008793,1,0,0
OG0008794,1,0,0
OG0008795,1,0,0
OG0008796,1,0,0
OG0008797,1,0,0
OG0008798,1,0,0
OG0008799,1,0,0
OG0008800,1,0,0
OG0008801,1,0,0
OG0008802,1,0,0
OG0008803,1,0,0
OG0008804,1,0,0
OG0008805,1,0.1,0.0769230769230769
OG0008806,1,0,0
OG0008807,1,0,0
OG0008808,1,0,0
OG0008809,1,0,0
OG0008810,1,0,0
OG0008811,1,0,0
OG0008812,1,0,0
OG0008813,1,0,0
OG0008814,1,0,0
OG0008815,1,0,0
OG0008816,1,0,0
OG0008817,1,0,0
OG0008818,1,0,0
OG0008819,1,0,0
OG0008820,1,0,0
OG0008821,1,0,0
OG0008823,1,0,0
OG0008824,1,0,0
OG0008825,1,0,0
OG0008826,1,0,0
OG0008827,1,0,0
OG0008828,1,0,0
OG0008829,1,0,0
OG0008830,1,0,0
OG0008831,1,0,0
OG0008832,1,0,0
OG0008833,1,0,0
OG0008834,1,0,0
OG0008835,1,0,0
OG0008836,1,0,0
OG0008837,1,0,0
OG0008838,1,0,0
OG0008839,1,0,0
OG0008840,1,0,0
OG0008841,1,0,0
OG0008842,1,0,0
OG0008843,1,0,0
OG0008844,1,0,0
OG0008845,1,0,0
OG0008846,1,0,0
OG0008847,1,0,0
OG0008848,1,0,0
OG0008849,1,0,0
OG0008850,1,0,0
OG0008851,1,0,0
OG0008852,1,0,0
OG0008853,1,0,0
OG0008854,1,0,0
OG0008855,1,0,0
OG0008856,1,0,0
OG0008857,1,0,0
OG0008858,1,0,0
OG0008859,1,0,0
OG0008860,1,0,0
OG0008861,1,0,0
OG0008862,1,0,0
OG0008863,1,0,0
OG0008864,1,0,0
OG0008865,1,0,0
OG0008866,1,0,0
OG0008867,1,0,0
OG0008868,1,0,0
OG0008869,1,0,0
OG0008870,1,0,0
OG0008871,1,0,0
OG0008872,1,0,0
OG0008873,1,0,0
OG0008874,1,0,0
OG0008875,1,0,0
OG0008876,1,0,0
OG0008877,1,0,0
OG0008878,1,0,0
OG0008879,1,0,0
OG0008880,1,0,0
OG0008881,1,0,0
OG0008882,1,0,0
OG0008883,1,0,0
OG0008884,1,0,0
OG0008885,1,0,0
OG0008886,1,0,0
OG0008887,1,0,0
OG0008888,1,0,0
OG0008889,1,0,0
OG0008890,1,0,0
OG0008891,1,0,0
OG0008892,1,0,0
OG0008893,1,0,0
OG0008894,1,0,0
OG0008895,1,0,0
OG0008896,1,0,0
OG0008897,1,0,0
OG0008898,1,0,0
OG0008899,1,0,0
OG0008900,1,0,0
OG0008901,1,0,0
OG0008902,1,0,0
OG0008903,1,0,0
OG0008904,1,0,0
OG0008905,1,0,0
OG0008906,1,0,0
OG0008907,1,0,0
OG0008908,1,0,0
OG0008909,1,0,0
OG0008910,1,0,0
OG0008911,1,0,0
OG0008912,1,0,0
OG0008913,1,0,0
OG0008914,1,0,0
OG0008915,1,0,0
OG0008916,1,0,0
OG0008917,1,0,0
OG0008918,1,0,0
OG0008919,1,0,0
OG0008920,1,0,0
OG0008921,1,0,0
OG0008922,1,0,0
OG0008923,1,0,0
OG0008924,1,0,0
OG0008925,1,0,0
OG0008926,1,0,0
OG0008927,1,0,0
OG0008928,1,0,0
OG0008929,1,0,0
OG0008930,1,0,0
OG0008931,1,0,0
OG0008932,1,0,0
OG0008933,1,0,0
OG0008934,1,0,0
OG0008935,1,0,0
OG0008936,1,0,0
OG0008937,1,0,0
OG0008938,1,0,0
OG0008939,1,0,0
OG0008940,1,0,0
OG0008941,1,0,0
OG0008942,1,0,0
OG0008943,1,0,0
OG0008944,1,0,0
OG0008945,1,0,0
OG0008946,1,0,0
OG0008947,1,0,0
OG0008948,1,0,0
OG0008949,1,0,0
OG0008950,1,0,0
OG0008951,1,0,0
OG0008952,1,0,0
OG0008953,1,0,0
OG0008954,1,0,0
OG0008955,1,0,0
OG0008956,1,0,0
OG0008957,1,0,0
OG0008958,1,0,0
OG0008959,1,0,0
OG0008960,1,0,0
OG0008961,1,0,0
OG0008962,1,0,0
OG0008963,1,0,0
OG0008964,1,0,0
OG0008965,1,0,0
OG0008966,1,0,0
OG0008967,1,0,0
OG0008968,1,0,0
OG0008969,1,0,0
OG0008970,1,0,0
OG0008971,1,0,0
OG0008972,1,0,0
OG0008973,1,0,0
OG0008974,1,0,0
OG0008975,1,0,0
OG0008976,1,0,0
OG0008977,1,0,0
OG0008978,1,0,0
OG0008979,1,0,0
OG0008980,1,0,0
OG0008981,1,0,0
OG0008982,1,0,0
OG0008983,1,0,0
OG0008984,1,0,0
OG0008985,1,0,0
OG0008986,1,0,0
OG0008987,1,0,0
OG0008988,1,0,0
OG0008989,1,0,0
OG0008990,1,0,0
OG0008991,1,0,0
OG0008992,1,0,0
OG0008993,1,0,0
OG0008994,1,0,0
OG0008995,1,0,0
OG0008996,1,0,0
OG0008997,1,0,0
OG0008998,1,0,0
OG0008999,1,0,0
OG0009000,1,0,0
OG0009001,1,0,0
OG0009002,1,0,0
OG0009003,1,0,0
OG0009004,1,0,0
OG0009005,1,0,0
OG0009006,1,0,0
OG0009007,1,0,0
OG0009008,1,0,0
OG0009009,1,0,0
OG0009010,1,0,0
OG0009011,1,0,0
OG0009012,1,0,0
OG0009013,1,0,0
OG0009014,1,0,0
OG0009015,1,0,0
OG0009016,1,0,0
OG0009017,1,0,0
OG0009018,1,0,0
OG0009019,1,0,0
OG0009020,1,0,0
OG0009021,1,0,0
OG0009022,1,0,0
OG0009023,1,0,0
OG0009024,1,0,0
OG0009025,1,0,0
OG0009026,1,0,0
OG0009027,1,0,0
OG0009028,1,0,0
OG0009029,1,0,0
OG0009030,1,0,0
OG0009031,1,0,0
OG0009032,1,0,0
OG0009033,1,0,0
OG0009034,1,0,0
OG0009035,1,0,0
OG0009036,1,0,0
OG0009037,1,0,0
OG0009038,1,0,0
OG0009039,1,0,0
OG0009040,1,0,0
OG0009041,1,0,0
OG0009042,1,0,0
OG0009043,1,0,0
OG0009044,1,0,0
OG0009045,1,0,0
OG0009046,1,0,0
OG0009047,1,0,0
OG0009048,1,0,0
OG0009049,1,0,0
OG0009050,1,0,0
OG0009051,1,0,0
OG0009052,1,0,0
OG0009053,1,0,0
OG0009054,1,0,0
OG0009055,1,0,0
OG0009056,1,0,0
OG0009057,1,0,0
OG0009058,1,0,0
OG0009059,1,0,0
OG0009060,1,0,0
OG0009061,1,0,0
OG0009062,1,0,0
OG0009063,1,0,0
OG0009064,1,0,0
OG0009065,1,0,0
OG0009066,1,0,0
OG0009067,1,0,0
OG0009068,1,0,0
OG0009069,1,0,0
OG0009070,1,0,0
OG0009071,1,0,0
OG0009072,1,0,0
OG0009073,1,0,0
OG0009074,1,0,0
OG0009075,1,0,0
OG0009076,1,0,0
OG0009077,1,0,0
OG0009078,1,0,0
OG0009079,1,0,0
OG0009080,1,0,0
OG0009081,1,0,0
OG0009082,1,0,0
OG0009083,1,0,0
OG0009084,1,0,0
OG0009085,1,0,0
OG0009086,1,0,0
OG0009087,1,0,0
OG0009088,1,0,0
OG0009089,1,0,0
OG0009090,1,0,0
OG0009091,1,0,0
OG0009092,1,0,0
OG0009093,1,0,0
OG0009094,1,0,0
OG0009095,1,0,0
OG0009096,1,0,0
OG0009097,1,0,0
OG0009098,1,0,0
OG0009099,1,0,0
OG0009100,1,0,0
OG0009101,1,0,0
OG0009102,1,0,0
OG0009103,1,0,0
OG0009104,1,0,0
OG0009105,1,0,0
OG0009106,1,0,0
OG0009107,1,0,0
OG0009108,1,0,0
OG0009109,1,0,0
OG0009110,1,0,0
OG0009111,1,0,0
OG0009112,1,0,0
OG0009113,1,0,0
OG0009114,1,0,0
OG0009115,1,0,0
OG0009116,1,0,0
OG0009117,1,0,0
OG0009118,1,0,0
OG0009119,1,0,0
OG0009120,1,0,0
OG0009121,1,0,0
OG0009122,1,0,0
OG0009123,1,0,0
OG0009124,1,0,0
OG0009125,1,0,0
OG0009126,1,0,0
OG0009127,1,0,0
OG0009128,1,0,0
OG0009129,1,0,0
OG0009130,1,0,0
OG0009131,1,0,0
OG0009132,1,0,0
OG0009133,1,0,0
OG0009134,1,0,0
OG0009135,1,0,0
OG0009136,1,0,0
OG0009137,1,0,0
OG0009138,1,0,0
OG0009139,1,0,0
OG0009140,1,0,0
OG0009141,1,0,0
OG0009143,1,0,0
OG0009144,1,0,0
OG0009145,1,0,0
OG0009146,1,0,0
OG0009147,1,0,0
OG0009148,1,0,0
OG0009149,1,0,0
OG0009150,1,0,0
OG0009151,1,0,0
OG0009152,1,0,0
OG0009153,1,0,0
OG0009154,1,0,0
OG0009155,1,0,0
OG0009156,1,0,0
OG0009157,1,0,0
OG0009158,1,0,0
OG0009159,1,0,0
OG0009160,1,0,0
OG0009161,1,0,0
OG0009162,1,0,0
OG0009163,1,0,0
OG0009164,1,0,0
OG0009165,1,0,0
OG0009166,1,0,0
OG0009167,1,0,0
OG0009168,1,0,0
OG0009169,1,0,0
OG0009170,1,0,0
OG0009171,1,0,0
OG0009172,1,0,0
OG0009173,1,0,0
OG0009174,1,0,0
OG0009175,1,0,0
OG0009176,1,0,0
OG0009177,1,0,0
OG0009178,1,0,0
OG0009179,1,0,0
OG0009180,1,0,0
OG0009181,1,0,0
OG0009182,1,0,0
OG0009183,1,0,0
OG0009184,1,0,0
OG0009185,1,0,0
OG0009186,1,0,0
OG0009187,1,0,0
OG0009188,1,0,0
OG0009189,1,0,0
OG0009190,1,0,0
OG0009191,1,0,0
OG0009192,1,0,0
OG0009193,1,0,0
OG0009194,1,0,0
OG0009195,1,0,0
OG0009196,1,0,0
OG0009197,1,0,0
OG0009198,1,0,0
OG0009199,1,0,0
OG0009200,1,0,0
OG0009201,1,0,0
OG0009202,1,0,0
OG0009203,1,0,0
OG0009204,1,0,0
OG0009205,1,0,0
OG0009206,1,0,0
OG0009207,1,0,0
OG0009208,1,0,0
OG0009209,1,0,0
OG0009210,1,0,0
OG0009211,1,0,0
OG0009212,1,0,0
OG0009213,1,0,0
OG0009214,1,0,0
OG0009215,1,0,0
OG0009216,1,0,0
OG0009217,1,0,0
OG0009218,1,0,0
OG0009219,1,0,0
OG0009220,1,0,0
OG0009221,1,0,0
OG0009222,1,0,0
OG0009223,1,0,0
OG0009224,1,0,0
OG0009225,1,0,0
OG0009226,1,0,0
OG0009227,1,0,0
OG0009228,1,0,0
OG0009229,1,0,0
OG0009230,1,0,0
OG0009231,1,0,0
OG0009232,1,0,0
OG0009233,1,0,0
OG0009234,1,0,0
OG0009235,1,0,0
OG0009236,1,0,0
OG0009237,1,0,0
OG0009238,1,0,0
OG0009239,1,0,0
OG0009240,1,0,0
OG0009241,1,0,0
OG0009242,1,0,0
OG0009243,1,0,0
OG0009244,1,0,0
OG0009245,1,0,0
OG0009246,1,0,0
OG0009247,1,0,0
OG0009248,1,0,0
OG0009249,1,0,0
OG0009250,1,0,0
OG0009251,1,0,0
OG0009252,1,0,0
OG0009253,1,0,0
OG0009254,1,0,0
OG0009255,1,0,0
OG0009256,1,0,0
OG0009257,1,0,0
OG0009258,1,0,0
OG0009259,1,0,0
OG0009260,1,0,0
OG0009261,1,0,0
OG0009262,1,0,0
OG0009263,1,0,0
OG0009264,1,0,0
OG0009265,1,0,0
OG0009266,1,0,0
OG0009267,1,0,0
OG0009268,1,0,0
OG0009269,1,0,0
OG0009270,1,0,0
OG0009271,1,0,0
OG0009272,1,0,0
OG0009273,1,0,0
OG0009274,1,0,0
OG0009275,1,0,0
OG0009276,1,0,0
OG0009277,1,0,0
OG0009278,1,0,0
OG0009279,1,0,0
OG0009280,1,0,0
OG0009281,1,0,0
OG0009282,1,0,0
OG0009283,1,0,0
OG0009284,1,0,0
OG0009285,1,0,0
OG0009286,1,0,0
OG0009287,1,0,0
OG0009288,1,0,0
OG0009289,1,0,0
OG0009290,1,0,0
OG0009291,1,0,0
OG0009292,1,0,0
OG0009293,1,0,0
OG0009294,1,0,0
OG0009295,1,0,0
OG0009296,1,0,0
OG0009297,1,0,0
OG0009298,1,0,0
OG0009299,1,0,0
OG0009300,1,0,0
OG0009301,1,0,0
OG0009302,1,0,0
OG0009303,1,0,0
OG0009304,1,0,0
OG0009305,1,0,0
OG0009306,1,0,0
OG0009307,1,0,0
OG0009308,1,0,0
OG0009309,1,0,0
OG0009310,1,0,0
OG0009311,1,0,0
OG0009312,1,0,0
OG0009313,1,0,0
OG0009314,1,0,0
OG0009315,1,0,0
OG0009316,1,0,0
OG0009317,1,0,0
OG0009318,1,0,0
OG0009319,1,0,0
OG0009320,1,0,0
OG0009321,1,0,0
OG0009322,1,0.1,0.0769230769230769
OG0009323,1,0,0
OG0009324,1,0,0
OG0009325,1,0,0
OG0009326,1,0,0
OG0009327,1,0,0
OG0009328,1,0,0
OG0009329,1,0,0
OG0009330,1,0,0
OG0009331,1,0,0
OG0009332,1,0,0
OG0009333,1,0,0
OG0009334,1,0,0
OG0009335,1,0,0
OG0009336,1,0,0
OG0009337,1,0,0
OG0009338,1,0,0
OG0009339,1,0,0
OG0009340,1,0,0
OG0009341,1,0,0
OG0009342,1,0,0
OG0009343,1,0,0
OG0009345,1,0,0
OG0009346,1,0,0
OG0009347,1,0,0
OG0009348,1,0,0
OG0009349,1,0,0
OG0009350,1,0,0
OG0009351,1,0,0
OG0009352,1,0,0
OG0009353,1,0,0
OG0009354,1,0,0
OG0009355,1,0,0
OG0009356,1,0,0
OG0009357,1,0,0
OG0009358,1,0,0
OG0009359,1,0,0
OG0009360,1,0,0
OG0009361,1,0,0
OG0009362,1,0,0
OG0009363,1,0,0
OG0009364,1,0,0
OG0009365,1,0,0
OG0009366,1,0,0
OG0009367,1,0,0
OG0009368,1,0,0
OG0009369,1,0,0
OG0009370,1,0,0
OG0009371,1,0,0
OG0009372,1,0,0
OG0009373,1,0,0
OG0009374,1,0,0
OG0009375,1,0,0
OG0009376,1,0,0
OG0009377,1,0,0
OG0009378,1,0,0
OG0009379,1,0,0
OG0009380,1,0,0
OG0009381,1,0,0
OG0009382,1,0,0
OG0009383,1,0,0
OG0009384,1,0,0
OG0009385,1,0,0
OG0009386,1,0,0
OG0009387,1,0,0
OG0009388,1,0,0
OG0009389,1,0,0
OG0009390,1,0,0
OG0009391,1,0,0
OG0009392,1,0,0
OG0009393,1,0,0
OG0009394,1,0,0
OG0009395,1,0,0
OG0009396,1,0,0
OG0009397,1,0,0
OG0009398,1,0,0
OG0009399,1,0,0
OG0009400,1,0,0
OG0009401,1,0,0
OG0009402,1,0,0
OG0009403,1,0,0
OG0009404,1,0,0
OG0009405,1,0,0
OG0009406,1,0,0
OG0009407,1,0,0
OG0009408,1,0,0
OG0009409,1,0,0
OG0009410,1,0,0
OG0009411,1,0,0
OG0009412,1,0,0
OG0009413,1,0,0
OG0009414,1,0,0
OG0009415,1,0,0
OG0009416,1,0,0
OG0009417,1,0,0
OG0009418,1,0,0
OG0009419,1,0,0
OG0009420,1,0,0
OG0009421,1,0,0
OG0009422,1,0,0
OG0009423,1,0,0
OG0009424,1,0,0
OG0009425,1,0,0
OG0009426,1,0,0
OG0009427,1,0,0
OG0009428,1,0,0
OG0009429,1,0,0
OG0009430,1,0,0
OG0009431,1,0,0
OG0009432,1,0,0
OG0009433,1,0,0
OG0009434,1,0,0
OG0009435,1,0,0
OG0009436,1,0,0
OG0009437,1,0,0
OG0009438,1,0,0
OG0009439,1,0,0
OG0009440,1,0,0
OG0009441,1,0,0
OG0009442,1,0,0
OG0009443,1,0,0
OG0009444,1,0,0
OG0009445,1,0,0
OG0009446,1,0,0
OG0009447,1,0,0
OG0009448,1,0,0
OG0009449,1,0,0
OG0009450,1,0,0
OG0009451,1,0,0
OG0009452,1,0,0
OG0009453,1,0,0
OG0009454,1,0,0
OG0009455,1,0,0
OG0009456,1,0,0
OG0009457,1,0,0
OG0009458,1,0,0
OG0009459,1,0,0
OG0009460,1,0,0
OG0009461,1,0,0
OG0009462,1,0,0
OG0009463,1,0,0
OG0009464,1,0,0
OG0009465,1,0,0
OG0009466,1,0,0
OG0009467,1,0,0
OG0009468,1,0,0
OG0009470,1,0,0
OG0009471,1,0,0
OG0009472,1,0,0
OG0009473,1,0,0
OG0009474,1,0,0
OG0009475,1,0,0
OG0009476,1,0,0
OG0009477,1,0,0
OG0009478,1,0,0
OG0009479,1,0,0
OG0009480,1,0,0
OG0009481,1,0,0
OG0009482,1,0,0
OG0009483,1,0,0
OG0009484,1,0,0
OG0009485,1,0,0
OG0009486,1,0,0
OG0009487,1,0,0
OG0009488,1,0,0
OG0009489,1,0,0
OG0009490,1,0,0
OG0009491,1,0,0
OG0009492,1,0,0
OG0009493,1,0,0
OG0009494,1,0,0
OG0009495,1,0,0
OG0009496,1,0,0
OG0009497,1,0,0
OG0009498,1,0,0
OG0009499,1,0,0
OG0009500,1,0,0
OG0009501,1,0,0
OG0009502,1,0,0
OG0009503,1,0,0
OG0009504,1,0,0
OG0009505,1,0,0
OG0009506,1,0,0
OG0009507,1,0,0
OG0009508,1,0,0
OG0009509,1,0,0
OG0009510,1,0,0
OG0009511,1,0,0
OG0009512,1,0,0
OG0009513,1,0,0
OG0009514,1,0,0
OG0009515,1,0,0
OG0009516,1,0,0
OG0009517,1,0,0
OG0009518,1,0,0
OG0009519,1,0,0
OG0009520,1,0,0
OG0009521,1,0,0
OG0009522,1,0,0
OG0009523,1,0,0
OG0009524,1,0,0
OG0009525,1,0,0
OG0009526,1,0,0
OG0009527,1,0,0
OG0009528,1,0,0
OG0009529,1,0,0
OG0009530,1,0,0
OG0009531,1,0,0
OG0009532,1,0,0
OG0009533,1,0,0
OG0009534,1,0,0
OG0009535,1,0,0
OG0009536,1,0,0
OG0009537,1,0,0
OG0009538,1,0,0
OG0009539,1,0,0
OG0009540,1,0,0
OG0009541,1,0,0
OG0009542,1,0,0
OG0009543,1,0,0
OG0009544,1,0,0
OG0009545,1,0,0
OG0009546,1,0,0
OG0009547,1,0,0
OG0009548,1,0,0
OG0009550,1,0,0
OG0009551,1,0,0
OG0009552,1,0,0
OG0009553,1,0,0
OG0009556,1,0,0
OG0009557,1,0,0
OG0009558,1,0,0
OG0009559,1,0,0
OG0009560,1,0,0
OG0009561,1,0,0
OG0009562,1,0,0
OG0009563,1,0,0
OG0009564,1,0,0
OG0009565,1,0,0
OG0009566,1,0,0
OG0009567,1,0,0
OG0009569,1,0,0
OG0009570,1,0,0
OG0009571,1,0,0
OG0009572,1,0,0
OG0009573,1,0,0
OG0009574,1,0,0
OG0009575,1,0,0
OG0009576,1,0,0
OG0009577,1,0,0
OG0009578,1,0,0
OG0009579,1,0,0
OG0009580,1,0,0
OG0009581,1,0,0
OG0009584,1,0,0
OG0009585,1,0,0
OG0009586,1,0,0
OG0009587,1,0,0
OG0009588,1,0,0
OG0009589,1,0,0
OG0009590,1,0,0
OG0009591,1,0,0
OG0009592,1,0,0
OG0009593,1,0,0
OG0009594,1,0,0
OG0009595,1,0,0
OG0009596,1,0,0
OG0009597,1,0,0
OG0009598,1,0,0
OG0009599,1,0,0
OG0009600,1,0,0
OG0009601,1,0,0
OG0009602,1,0,0
OG0009603,1,0,0
OG0009604,1,0,0
OG0009605,1,0,0
OG0009606,1,0,0
OG0009607,1,0,0
OG0009608,1,0,0
OG0009609,1,0,0
OG0009610,1,0,0
OG0009611,1,0,0
OG0009612,1,0,0
OG0009613,1,0,0
OG0009614,1,0,0
OG0009615,1,0,0
OG0009616,1,0,0
OG0009617,1,0,0
OG0009618,1,0,0
OG0009619,1,0,0
OG0009621,1,0,0
OG0009622,1,0,0
OG0009623,1,0,0
OG0009624,1,0,0
OG0009626,1,0,0
OG0009627,1,0,0
OG0009630,1,0,0
OG0009631,1,0,0
OG0009632,1,0,0
OG0009643,1,0,0
OG0009644,1,0,0
OG0009645,1,0,0
OG0009646,1,0,0
OG0009647,1,0,0
OG0009648,1,0,0
OG0009651,1,0,0
OG0009652,1,0,0
OG0009654,1,0,0
OG0009656,1,0,0
OG0009657,1,0,0
OG0009658,1,0,0
OG0009659,1,0,0
OG0009660,1,0,0
OG0009661,1,0,0
OG0009662,1,0,0
OG0009663,1,0,0
OG0009665,1,0,0
OG0009666,0.564782608695652,0.222222222222222,0.0769230769230769
OG0009667,1,0,0
OG0009668,1,0,0
OG0009669,1,0,0
OG0009670,1,0,0
OG0009671,1,0,0
OG0009672,1,0,0
OG0009673,1,0,0
OG0009674,1,0,0
OG0009675,1,0,0
OG0009676,1,0,0
OG0009677,0.287826086956522,0.375,0.0769230769230769
OG0009678,1,0,0
OG0009679,1,0,0
OG0009680,1,0,0
OG0009681,1,0,0
OG0009682,1,0,0
OG0009683,1,0,0
OG0009684,1,0,0
OG0009685,1,0,0
OG0009687,1,0,0
OG0009688,1,0,0
OG0009689,1,0,0
OG0009690,1,0,0
OG0009691,1,0,0
OG0009692,1,0,0
OG0009693,1,0,0
OG0009694,1,0,0
OG0009695,1,0,0
OG0009696,1,0,0
OG0009697,1,0,0
OG0009699,1,0,0
OG0009700,1,0,0
OG0009701,1,0,0
OG0009702,1,0,0
OG0009703,1,0,0
OG0009704,1,0,0
OG0009705,1,0,0
OG0009706,1,0,0
OG0009707,1,0,0
OG0009708,1,0,0
OG0009709,1,0,0
OG0009710,1,0,0
OG0009711,1,0,0
OG0009712,1,0,0
OG0009713,1,0,0
OG0009714,1,0,0
OG0009715,1,0,0
OG0009716,1,0,0
OG0009717,1,0,0
OG0009718,1,0,0
OG0009719,1,0,0
OG0009720,1,0,0
OG0009721,1,0,0
OG0009722,1,0,0
OG0009723,1,0,0
OG0009724,1,0,0
OG0009725,1,0,0
OG0009726,1,0,0
OG0009727,1,0,0
OG0009728,1,0,0
OG0009729,1,0,0
OG0009730,1,0,0
OG0009731,1,0,0
OG0009732,1,0,0
OG0009733,1,0,0
OG0009734,1,0,0
OG0009735,1,0,0
OG0009736,1,0,0
OG0009737,1,0,0
OG0009738,1,0,0
OG0009739,1,0,0
OG0009740,1,0,0
OG0009741,1,0,0
OG0009742,1,0,0
OG0009743,1,0,0
OG0009744,1,0,0
OG0009745,1,0,0
OG0009746,1,0,0
OG0009747,1,0,0
OG0009748,1,0,0
OG0009749,1,0,0
OG0009750,1,0,0
OG0009751,1,0,0
OG0009752,1,0,0
OG0009753,1,0,0
OG0009754,1,0,0
OG0009755,1,0,0
OG0009756,1,0,0
OG0009757,1,0,0
OG0009758,1,0,0
OG0009759,1,0,0
OG0009760,1,0,0
OG0009761,1,0,0
OG0009762,1,0,0
OG0009763,1,0,0
OG0009764,1,0,0
OG0009765,1,0,0
OG0009766,1,0,0
OG0009767,1,0,0
OG0009768,1,0,0
OG0009769,1,0,0
OG0009770,1,0,0
OG0009771,1,0,0
OG0009773,1,0,0
OG0009774,1,0,0
OG0009775,1,0,0
OG0009776,1,0,0
OG0009777,1,0,0
OG0009778,1,0,0
OG0009779,1,0,0
OG0009780,1,0,0
OG0009781,1,0,0
OG0009782,1,0,0
OG0009783,1,0,0
OG0009784,1,0,0
OG0009785,1,0,0
OG0009786,1,0,0
OG0009787,1,0,0
OG0009788,1,0,0
OG0009789,1,0,0
OG0009790,1,0,0
OG0009791,1,0,0
OG0009792,1,0,0
OG0009793,1,0,0
OG0009794,1,0,0
OG0009795,1,0,0
OG0009796,1,0,0
OG0009797,1,0,0
OG0009798,1,0,0
OG0009799,1,0,0
OG0009800,1,0,0
OG0009801,1,0,0
OG0009802,1,0,0
OG0009803,1,0,0
OG0009804,1,0,0
OG0009805,1,0,0
OG0009806,1,0,0
OG0009807,1,0,0
OG0009808,1,0,0
OG0009809,1,0,0
OG0009810,1,0,0
OG0009811,1,0,0
OG0009812,1,0,0
OG0009813,1,0,0
OG0009814,1,0,0
OG0009815,1,0,0
OG0009816,1,0,0
OG0009817,1,0,0
OG0009818,1,0,0
OG0009819,1,0,0
OG0009820,1,0,0
OG0009821,1,0,0
OG0009822,1,0,0
OG0009823,1,0,0
OG0009824,1,0,0
OG0009825,1,0,0
OG0009826,1,0,0
OG0009827,1,0,0
OG0009828,1,0,0
OG0009829,1,0,0
OG0009830,1,0,0
OG0009831,1,0,0
OG0009832,1,0,0
OG0009833,1,0,0
OG0009834,1,0,0
OG0009835,1,0,0
OG0009836,1,0,0
OG0009837,1,0,0
OG0009838,1,0,0
OG0009839,1,0,0
OG0009840,1,0,0
OG0009841,1,0,0
OG0009842,1,0,0
OG0009843,1,0,0
OG0009844,1,0,0
OG0009845,1,0,0
OG0009846,1,0,0
OG0009847,1,0,0
OG0009848,1,0,0
OG0009850,1,0,0
OG0009851,1,0,0
OG0009852,1,0,0
OG0009853,1,0,0
OG0009854,1,0,0
OG0009855,1,0,0
OG0009856,1,0,0
OG0009857,1,0,0
OG0009858,1,0,0
OG0009859,1,0,0
OG0009860,1,0,0
OG0009861,1,0,0
OG0009862,1,0,0
OG0009863,1,0,0
OG0009865,1,0,0
OG0009866,1,0,0
OG0009867,1,0,0
OG0009868,1,0,0
OG0009869,1,0,0
OG0009870,1,0,0
OG0009871,1,0,0
OG0009872,1,0,0
OG0009873,1,0,0
OG0009874,1,0,0
OG0009875,1,0,0
OG0009876,1,0,0
OG0009877,1,0,0
OG0009878,1,0,0
OG0009879,1,0,0
OG0009880,1,0,0
OG0009881,1,0,0
OG0009883,1,0,0
OG0009884,1,0,0
OG0009885,0.44,0.1,0
OG0009886,1,0,0
OG0009887,1,0,0
OG0009888,1,0,0
OG0009890,1,0,0
OG0009891,1,0,0
OG0009892,1,0,0
OG0009893,1,0,0
OG0009894,1,0,0
OG0009895,1,0,0
OG0009896,1,0,0
OG0009897,1,0,0
OG0009898,1,0,0
OG0009899,1,0,0
OG0009900,1,0,0
OG0009901,1,0,0
OG0009902,1,0,0
OG0009903,1,0,0
OG0009904,1,0,0
OG0009905,1,0,0
OG0009906,1,0,0
OG0009907,1,0,0
OG0009908,1,0,0
OG0009909,1,0,0
OG0009910,1,0,0
OG0009911,1,0,0
OG0009913,1,0,0
OG0009914,1,0,0
OG0009915,1,0,0
OG0009916,1,0,0
OG0009917,1,0,0
OG0009918,1,0,0
OG0009919,1,0,0
OG0009920,1,0,0
OG0009921,1,0,0
OG0009922,1,0,0
OG0009923,1,0,0
OG0009924,1,0,0
OG0009925,1,0,0
OG0009926,1,0,0
OG0009927,1,0,0
OG0009928,1,0,0
OG0009929,1,0,0
OG0009930,1,0,0
OG0009931,1,0,0
OG0009932,1,0,0
OG0009933,1,0,0
OG0009934,1,0,0
OG0009935,1,0,0
OG0009936,1,0,0
OG0009937,1,0,0
OG0009938,1,0,0
OG0009939,1,0,0
OG0009941,1,0,0
OG0009942,1,0,0
OG0009943,1,0,0
OG0009944,1,0,0
OG0009945,1,0,0
OG0009946,1,0,0
OG0009947,1,0,0
OG0009948,1,0,0
OG0009949,1,0,0
OG0009950,1,0,0
OG0009951,1,0,0
OG0009953,1,0,0
OG0009954,1,0,0
OG0009955,1,0,0
OG0009956,1,0,0
OG0009957,1,0,0
OG0009958,1,0,0
OG0009960,1,0,0
OG0009961,1,0,0
OG0009962,1,0,0
OG0009963,1,0,0
OG0009964,1,0,0
OG0009965,1,0,0
OG0009966,1,0,0
OG0009967,1,0,0
OG0009968,1,0,0
OG0009969,1,0,0
OG0009970,1,0,0
OG0009971,1,0,0
OG0009972,1,0,0
OG0009973,1,0,0
OG0009974,1,0,0
OG0009975,1,0,0
OG0009976,1,0,0
OG0009977,1,0,0
OG0009978,1,0,0
OG0009979,1,0,0
OG0009980,1,0,0
OG0009981,1,0,0
OG0009982,1,0,0
OG0009983,1,0,0
OG0009984,1,0,0
OG0009985,1,0,0
OG0009986,1,0,0
OG0009987,1,0,0
OG0009988,1,0,0
OG0009989,1,0,0
OG0009990,1,0,0
OG0009991,1,0,0
OG0009992,1,0,0
OG0009993,1,0,0
OG0009994,1,0,0
OG0009996,1,0,0
OG0009997,1,0,0
OG0009998,1,0,0
OG0009999,1,0,0
OG0010000,1,0,0
OG0010001,1,0,0
OG0010002,1,0,0
OG0010003,1,0,0
OG0010004,1,0,0
OG0010005,1,0,0
OG0010006,1,0,0
OG0010007,1,0,0
OG0010008,1,0,0
OG0010009,1,0,0
OG0010010,1,0,0
OG0010011,1,0,0
OG0010012,1,0,0
OG0010013,1,0,0
OG0010014,1,0,0
OG0010015,1,0,0
OG0010016,1,0,0
OG0010018,1,0,0
OG0010019,1,0,0
OG0010020,1,0,0
OG0010021,1,0,0
OG0010022,1,0,0
OG0010023,1,0,0
OG0010024,1,0,0
OG0010025,1,0,0
OG0010026,1,0,0
OG0010027,1,0,0
OG0010028,1,0,0
OG0010029,1,0,0
OG0010030,1,0,0
OG0010031,1,0,0
OG0010032,1,0,0
OG0010033,1,0,0
OG0010034,1,0,0
OG0010035,1,0,0
OG0010036,1,0,0
OG0010037,1,0,0
OG0010038,1,0,0
OG0010039,1,0,0
OG0010040,1,0,0
OG0010041,1,0,0
OG0010042,1,0,0
OG0010043,1,0,0
OG0010044,1,0,0
OG0010045,1,0,0
OG0010046,1,0,0
OG0010047,1,0,0
OG0010048,1,0,0
OG0010049,1,0,0
OG0010050,1,0,0
OG0010051,1,0,0
OG0010052,1,0,0
OG0010053,1,0,0
OG0010054,1,0,0
OG0010055,1,0,0
OG0010056,1,0,0
OG0010057,1,0,0
OG0010058,1,0,0
OG0010059,1,0,0
OG0010061,1,0,0
OG0010062,1,0,0
OG0010063,1,0,0
OG0010064,1,0,0
OG0010065,1,0,0
OG0010066,1,0,0
OG0010067,1,0,0
OG0010068,1,0,0
OG0010070,1,0,0
OG0010071,1,0,0
OG0010072,1,0,0
OG0010073,1,0,0
OG0010074,1,0,0
OG0010075,1,0,0
OG0010076,1,0,0
OG0010077,1,0,0
OG0010078,1,0,0
OG0010079,1,0,0
OG0010080,1,0,0
OG0010081,1,0,0
OG0010082,1,0,0
OG0010083,1,0,0
OG0010084,1,0,0
OG0010086,1,0,0
OG0010087,1,0,0
OG0010088,1,0,0
OG0010089,1,0,0
OG0010090,1,0,0
OG0010092,1,0,0
OG0010093,1,0,0
OG0010094,1,0,0
OG0010095,1,0,0
OG0010096,1,0,0
OG0010097,1,0,0
OG0010098,1,0,0
OG0010099,1,0,0
OG0010100,1,0,0
OG0010101,1,0,0
OG0010102,1,0,0
OG0010103,1,0,0
OG0010104,1,0,0
OG0010105,1,0,0
OG0010106,1,0,0
OG0010107,1,0,0
OG0010108,1,0,0
OG0010109,1,0,0
OG0010110,1,0,0
OG0010111,1,0,0
OG0010112,1,0,0
OG0010113,1,0,0
OG0010114,1,0,0
OG0010115,1,0,0
OG0010116,1,0,0
OG0010117,1,0,0
OG0010118,1,0,0
OG0010119,1,0,0
OG0010120,1,0,0
OG0010121,1,0,0
OG0010122,1,0,0
OG0010123,1,0,0
OG0010124,1,0,0
OG0010125,1,0,0
OG0010126,1,0,0
OG0010127,1,0,0
OG0010128,1,0,0
OG0010129,1,0,0
OG0010130,1,0,0
OG0010131,1,0,0
OG0010132,1,0,0
OG0010133,1,0,0
OG0010134,1,0,0
OG0010135,1,0,0
OG0010136,1,0,0
OG0010137,1,0,0
OG0010138,1,0,0
OG0010139,1,0,0
OG0010140,1,0,0
OG0010141,1,0,0
OG0010142,1,0,0
OG0010143,1,0,0
OG0010144,1,0,0
OG0010145,1,0,0
OG0010146,1,0,0
OG0010147,1,0,0
OG0010148,1,0,0
OG0010149,1,0,0
OG0010150,1,0,0
OG0010151,1,0,0
OG0010152,1,0,0
OG0010153,1,0,0
OG0010154,1,0,0
OG0010155,1,0,0
OG0010156,1,0,0
OG0010157,1,0,0
OG0010158,1,0,0
OG0010159,1,0,0
OG0010160,1,0,0
OG0010161,1,0,0
OG0010162,1,0,0
OG0010163,1,0,0
OG0010164,1,0,0
OG0010165,1,0,0
OG0010166,1,0,0
OG0010167,1,0,0
OG0010168,1,0,0
OG0010169,1,0,0
OG0010170,1,0,0
OG0010171,1,0,0
OG0010172,1,0,0
OG0010173,1,0,0
OG0010174,1,0,0
OG0010175,1,0,0
OG0010177,1,0,0
OG0010178,1,0,0
OG0010179,1,0,0
OG0010180,1,0,0
OG0010181,1,0,0
OG0010182,1,0,0
OG0010183,1,0,0
OG0010184,1,0,0
OG0010185,1,0,0
OG0010186,1,0,0
OG0010187,1,0,0
OG0010188,1,0,0
OG0010189,1,0,0
OG0010190,1,0,0
OG0010191,1,0,0
OG0010192,1,0,0
OG0010193,1,0,0
OG0010194,1,0,0
OG0010195,1,0,0
OG0010196,1,0,0
OG0010197,1,0,0
OG0010198,1,0,0
OG0010199,1,0,0
OG0010200,1,0,0
OG0010201,1,0,0
OG0010202,1,0,0
OG0010203,1,0,0
OG0010204,1,0,0
OG0010205,1,0,0
OG0010206,1,0,0
OG0010207,1,0,0
OG0010208,1,0,0
OG0010210,1,0,0
OG0010211,1,0,0
OG0010212,1,0,0
OG0010213,1,0,0
OG0010214,1,0,0
OG0010215,1,0,0
OG0010216,1,0,0
OG0010217,1,0,0
OG0010218,1,0,0
OG0010219,1,0,0
OG0010220,1,0,0
OG0010221,1,0,0
OG0010222,1,0,0
OG0010223,1,0,0
OG0010224,1,0,0
OG0010225,1,0,0
OG0010226,1,0,0
OG0010227,1,0,0
OG0010228,1,0,0
OG0010229,1,0,0
OG0010230,1,0,0
OG0010231,1,0,0
OG0010232,1,0,0
OG0010233,1,0,0
OG0010234,1,0,0
OG0010235,1,0,0
OG0010236,1,0,0
OG0010237,1,0,0
OG0010238,1,0,0
OG0010239,1,0,0
OG0010240,1,0,0
OG0010241,1,0,0
OG0010243,1,0,0
OG0010244,1,0,0
OG0010245,1,0,0
OG0010246,1,0,0
OG0010247,1,0,0
OG0010248,1,0,0
OG0010249,1,0,0
OG0010250,1,0,0
OG0010251,1,0,0
OG0010252,1,0,0
OG0010253,1,0,0
OG0010254,1,0,0
OG0010255,1,0,0
OG0010256,1,0,0
OG0010258,1,0,0
OG0010259,1,0,0
OG0010260,1,0,0
OG0010262,1,0,0
OG0010263,1,0,0
OG0010264,1,0,0
OG0010265,1,0,0
OG0010266,1,0,0
OG0010267,1,0,0
OG0010268,1,0,0
OG0010269,1,0,0
OG0010270,1,0,0
OG0010271,1,0,0
OG0010272,1,0,0
OG0010273,1,0,0
OG0010274,1,0,0
OG0010275,1,0,0
OG0010276,1,0,0
OG0010277,1,0,0
OG0010278,1,0,0
OG0010279,1,0,0
OG0010281,1,0,0
OG0010282,1,0,0
OG0010283,1,0,0
OG0010284,1,0,0
OG0010285,1,0,0
OG0010287,1,0,0
OG0010288,1,0,0
OG0010289,1,0,0
OG0010290,1,0,0
OG0010291,1,0,0
OG0010292,1,0,0
OG0010293,1,0,0
OG0010294,1,0,0
OG0010295,1,0,0
OG0010296,1,0,0
OG0010297,1,0,0
OG0010298,1,0,0
OG0010299,1,0,0
OG0010300,1,0,0
OG0010301,1,0,0
OG0010302,1,0,0
OG0010303,1,0,0
OG0010304,1,0,0
OG0010305,1,0,0
OG0010306,1,0,0
OG0010307,1,0,0
OG0010309,1,0,0
OG0010310,1,0,0
OG0010311,1,0,0
OG0010312,1,0,0
OG0010313,1,0,0
OG0010314,1,0,0
OG0010315,1,0,0
OG0010316,1,0,0
OG0010317,1,0,0
OG0010318,1,0,0
OG0010319,1,0,0
OG0010320,1,0,0
OG0010321,1,0,0
OG0010322,1,0,0
OG0010323,1,0,0
OG0010324,1,0,0
OG0010325,1,0,0
OG0010326,1,0,0
OG0010327,1,0,0
OG0010328,1,0,0
OG0010329,1,0,0
OG0010330,1,0,0
OG0010331,1,0,0
OG0010333,1,0,0
OG0010334,1,0,0
OG0010335,1,0,0
OG0010336,1,0,0
OG0010337,1,0,0
OG0010338,1,0,0
OG0010339,1,0,0
OG0010340,1,0,0
OG0010341,1,0,0
OG0010342,1,0,0
OG0010343,1,0,0
OG0010344,1,0,0
OG0010345,1,0,0
OG0010346,1,0,0
OG0010347,1,0,0
OG0010348,1,0,0
OG0010349,1,0,0
OG0010350,1,0,0
OG0010351,1,0,0
OG0010352,1,0,0
OG0010353,1,0,0
OG0010354,1,0,0
OG0010355,1,0,0
OG0010356,1,0,0
OG0010357,1,0,0
OG0010358,1,0,0
OG0010359,1,0,0
OG0010360,1,0,0
OG0010361,1,0,0
OG0010362,1,0,0
OG0010363,1,0,0
OG0010364,1,0,0
OG0010365,1,0,0
OG0010366,1,0,0
OG0010367,1,0,0
OG0010368,1,0,0
OG0010369,1,0,0
OG0010370,1,0,0
OG0010371,1,0,0
OG0010372,1,0,0
OG0010373,1,0,0
OG0010374,1,0,0
OG0010375,1,0,0
OG0010376,1,0,0
OG0010377,1,0,0
OG0010378,1,0,0
OG0010379,1,0,0
OG0010380,1,0,0
OG0010381,1,0,0
OG0010382,1,0,0
OG0010383,1,0,0
OG0010385,1,0,0
OG0010386,1,0,0
OG0010387,1,0,0
OG0010388,1,0,0
OG0010389,1,0,0
OG0010390,1,0,0
OG0010391,1,0,0
OG0010392,1,0,0
OG0010393,1,0,0
OG0010394,1,0,0
OG0010395,1,0,0
OG0010396,1,0,0
OG0010397,1,0,0
OG0010398,1,0,0
OG0010399,1,0,0
OG0010400,1,0,0
OG0010401,1,0,0
OG0010402,1,0,0
OG0010403,1,0,0
OG0010404,1,0,0
OG0010405,1,0,0
OG0010406,1,0,0
OG0010407,1,0,0
OG0010408,1,0,0
OG0010409,1,0,0
OG0010410,1,0,0
OG0010411,1,0,0
OG0010412,1,0,0
OG0010413,1,0,0
OG0010414,1,0,0
OG0010415,1,0,0
OG0010416,1,0,0
OG0010417,1,0,0
OG0010418,1,0,0
OG0010419,1,0,0
OG0010420,1,0,0
OG0010421,1,0,0
OG0010422,1,0,0
OG0010423,1,0,0
OG0010424,1,0,0
OG0010425,1,0,0
OG0010426,1,0,0
OG0010427,1,0,0
OG0010428,1,0,0
OG0010429,1,0,0
OG0010430,1,0,0
OG0010431,1,0,0
OG0010432,1,0,0
OG0010433,1,0,0
OG0010434,1,0,0
OG0010435,1,0,0
OG0010436,1,0,0
OG0010437,1,0,0
OG0010438,1,0,0
OG0010439,1,0,0
OG0010440,1,0,0
OG0010441,1,0,0
OG0010442,1,0,0
OG0010444,1,0,0
OG0010445,1,0,0
OG0010446,1,0,0
OG0010447,1,0,0
OG0010448,1,0,0
OG0010449,1,0,0
OG0010450,1,0,0
OG0010451,1,0,0
OG0010452,1,0,0
OG0010453,1,0,0
OG0010454,1,0,0
OG0010455,1,0,0
OG0010456,1,0,0
OG0010457,1,0,0
OG0010458,1,0,0
OG0010459,1,0,0
OG0010460,1,0,0
OG0010461,1,0,0
OG0010462,1,0,0
OG0010463,1,0,0
OG0010464,1,0,0
OG0010465,1,0,0
OG0010466,1,0,0
OG0010467,1,0,0
OG0010468,1,0,0
OG0010469,1,0,0
OG0010470,1,0,0
OG0010471,1,0,0
OG0010472,1,0,0
OG0010473,1,0,0
OG0010474,1,0,0
OG0010475,1,0,0
OG0010476,1,0,0
OG0010477,1,0,0
OG0010478,1,0,0
OG0010479,1,0,0
OG0010480,1,0,0
OG0010481,1,0,0
OG0010482,1,0,0
OG0010483,1,0,0
OG0010484,1,0,0
OG0010485,1,0,0
OG0010486,1,0,0
OG0010487,1,0,0
OG0010488,1,0,0
OG0010489,1,0,0
OG0010490,1,0,0
OG0010491,1,0,0
OG0010492,1,0,0
OG0010493,1,0,0
OG0010494,1,0,0
OG0010495,1,0,0
OG0010496,1,0,0
OG0010497,1,0,0
OG0010498,1,0,0
OG0010499,1,0,0
OG0010500,1,0,0
OG0010501,1,0,0
OG0010502,1,0,0
OG0010503,1,0,0
OG0010504,1,0,0
OG0010505,1,0,0
OG0010506,1,0,0
OG0010508,1,0,0
OG0010509,1,0,0
OG0010510,1,0,0
OG0010511,1,0,0
OG0010512,1,0,0
OG0010513,1,0,0
OG0010514,1,0,0
OG0010515,1,0,0
OG0010516,1,0,0
OG0010517,1,0,0
OG0010518,1,0,0
OG0010519,1,0,0
OG0010520,1,0,0
OG0010521,1,0,0
OG0010522,1,0,0
OG0010523,1,0,0
OG0010524,1,0,0
OG0010525,1,0,0
OG0010526,1,0,0
OG0010527,1,0,0
OG0010528,1,0,0
OG0010529,1,0,0
OG0010530,1,0,0
OG0010531,1,0,0
OG0010532,1,0,0
OG0010533,1,0,0
OG0010534,1,0,0
OG0010535,1,0,0
OG0010536,1,0,0
OG0010537,1,0,0
OG0010538,1,0,0
OG0010539,1,0,0
OG0010540,1,0,0
OG0010541,1,0,0
OG0010542,1,0,0
OG0010543,1,0,0
OG0010544,1,0,0
OG0010545,1,0,0
OG0010546,1,0,0
OG0010547,1,0,0
OG0010548,1,0,0
OG0010549,1,0,0
OG0010550,1,0,0
OG0010551,1,0,0
OG0010552,1,0,0
OG0010553,1,0,0
OG0010554,1,0,0
OG0010555,1,0,0
OG0010556,1,0,0
OG0010557,1,0,0
OG0010558,1,0,0
OG0010559,1,0,0
OG0010560,1,0,0
OG0010561,1,0,0
OG0010562,1,0,0
OG0010563,1,0,0
OG0010564,1,0,0
OG0010565,1,0,0
OG0010566,1,0,0
OG0010567,1,0,0
OG0010568,1,0,0
OG0010569,1,0,0
OG0010570,1,0,0
OG0010571,1,0,0
OG0010572,1,0,0
OG0010573,1,0,0
OG0010574,1,0,0
OG0010575,1,0,0
OG0010576,1,0,0
OG0010577,1,0,0
OG0010578,1,0,0
OG0010579,1,0,0
OG0010580,1,0,0
OG0010581,1,0,0
OG0010582,1,0,0
OG0010583,1,0,0
OG0010584,1,0,0
OG0010585,1,0,0
OG0010586,1,0,0
OG0010587,1,0,0
OG0010588,1,0,0
OG0010589,1,0,0
OG0010590,1,0,0
OG0010591,1,0,0
OG0010592,1,0,0
OG0010593,1,0,0
OG0010594,1,0,0
OG0010595,1,0,0
OG0010596,1,0,0
OG0010597,1,0,0
OG0010598,1,0,0
OG0010599,1,0,0
OG0010600,1,0,0
OG0010601,1,0,0
OG0010602,1,0,0
OG0010603,1,0,0
OG0010604,1,0,0
OG0010605,1,0,0
OG0010606,1,0,0
OG0010607,1,0,0
OG0010608,1,0,0
OG0010609,1,0,0
OG0010610,1,0,0
OG0010611,1,0,0
OG0010612,1,0,0
OG0010613,1,0,0
OG0010614,1,0,0
OG0010615,1,0,0
OG0010616,1,0,0
OG0010617,1,0,0
OG0010618,1,0,0
OG0010619,1,0,0
OG0010620,1,0,0
OG0010621,1,0,0
OG0010622,1,0,0
OG0010623,1,0,0
OG0010624,1,0,0
OG0010625,1,0,0
OG0010626,1,0,0
OG0010627,1,0,0
OG0010628,1,0,0
OG0010629,1,0,0
OG0010630,1,0,0
OG0010631,1,0,0
OG0010632,1,0,0
OG0010633,1,0,0
OG0010634,1,0,0
OG0010635,1,0,0
OG0010636,1,0,0
OG0010637,1,0,0
OG0010638,1,0,0
OG0010639,1,0,0
OG0010640,1,0,0
OG0010641,1,0,0
OG0010642,1,0,0
OG0010643,1,0,0
OG0010644,1,0,0
OG0010645,1,0,0
OG0010646,1,0,0
OG0010647,1,0,0
OG0010648,1,0,0
OG0010649,1,0,0
OG0010650,1,0,0
OG0010651,1,0,0
OG0010652,1,0,0
OG0010653,1,0,0
OG0010654,1,0,0
OG0010655,1,0,0
OG0010656,1,0,0
OG0010657,1,0,0
OG0010658,1,0,0
OG0010659,1,0,0
OG0010660,1,0,0
OG0010661,1,0,0
OG0010662,1,0,0
OG0010663,1,0,0
OG0010664,1,0,0
OG0010665,1,0,0
OG0010666,1,0,0
OG0010667,1,0,0
OG0010668,1,0,0
OG0010669,1,0,0
OG0010670,1,0,0
OG0010671,1,0,0
OG0010672,1,0,0
OG0010673,1,0,0
OG0010674,1,0,0
OG0010675,1,0,0
OG0010676,1,0,0
OG0010677,1,0,0
OG0010678,1,0,0
OG0010679,1,0,0
OG0010680,1,0,0
OG0010681,1,0,0
OG0010682,1,0,0
OG0010683,1,0,0
OG0010684,1,0,0
OG0010685,1,0,0
OG0010686,1,0,0
OG0010687,1,0,0
OG0010688,1,0,0
OG0010689,1,0,0
OG0010690,1,0,0
OG0010691,1,0,0
OG0010692,1,0,0
OG0010693,1,0,0
OG0010694,1,0,0
OG0010695,1,0,0
OG0010696,1,0,0
OG0010697,1,0,0
OG0010698,1,0,0
OG0010699,1,0,0
OG0010700,1,0,0
OG0010701,1,0,0
OG0010702,1,0,0
OG0010704,1,0,0
OG0010705,1,0,0
OG0010706,1,0,0
OG0010707,1,0,0
OG0010709,1,0,0
OG0010710,1,0,0
OG0010711,1,0,0
OG0010712,1,0,0
OG0010713,1,0,0
OG0010714,1,0,0
OG0010715,1,0,0
OG0010716,1,0,0
OG0010717,1,0,0
OG0010718,1,0,0
OG0010719,1,0,0
OG0010720,1,0,0
OG0010721,1,0,0
OG0010722,1,0,0
OG0010723,1,0,0
OG0010724,1,0,0
OG0010725,1,0,0
OG0010726,1,0,0
OG0010727,1,0,0
OG0010728,1,0,0
OG0010729,1,0,0
OG0010730,1,0,0
OG0010731,1,0,0
OG0010732,1,0,0
OG0010733,1,0,0
OG0010734,1,0,0
OG0010735,1,0,0
OG0010736,1,0,0
OG0010737,1,0,0
OG0010738,1,0,0
OG0010739,1,0,0
OG0010740,1,0,0
OG0010741,1,0,0
OG0010742,1,0,0
OG0010743,1,0,0
OG0010744,1,0,0
OG0010745,1,0,0
OG0010746,1,0,0
OG0010747,1,0,0
OG0010748,1,0,0
OG0010749,1,0,0
OG0010750,1,0,0
OG0010751,1,0,0
OG0010752,1,0,0
OG0010753,1,0,0
OG0010754,1,0,0
OG0010755,1,0,0
OG0010756,1,0,0
OG0010758,1,0,0
OG0010759,1,0,0
OG0010760,1,0,0
OG0010761,1,0,0
OG0010762,1,0,0
OG0010763,1,0,0
OG0010764,1,0,0
OG0010765,1,0,0
OG0010766,1,0,0
OG0010768,1,0,0
OG0010769,1,0,0
OG0010770,1,0,0
OG0010771,1,0,0
OG0010772,1,0,0
OG0010773,1,0,0
OG0010774,1,0,0
OG0010775,1,0,0
OG0010776,1,0,0
OG0010777,1,0,0
OG0010778,1,0,0
OG0010779,1,0,0
OG0010780,1,0,0
OG0010781,1,0,0
OG0010782,1,0,0
OG0010783,1,0,0
OG0010784,1,0,0
OG0010785,1,0,0
OG0010786,1,0,0
OG0010787,1,0,0
OG0010788,1,0,0
OG0010789,1,0,0
OG0010790,1,0,0
OG0010791,1,0,0
OG0010792,1,0,0
OG0010793,1,0,0
OG0010794,1,0,0
OG0010795,1,0,0
OG0010796,1,0,0
OG0010797,1,0,0
OG0010798,1,0,0
OG0010799,1,0,0
OG0010800,1,0,0
OG0010801,1,0,0
OG0010802,1,0,0
OG0010803,1,0,0
OG0010805,1,0,0
OG0010806,1,0,0
OG0010807,1,0,0
OG0010809,0.0260869565217391,0.571428571428571,0
OG0010810,1,0,0
OG0010811,1,0,0
OG0010812,1,0,0
OG0010813,1,0,0
OG0010814,1,0,0
OG0010815,1,0,0
OG0010816,1,0,0
OG0010817,1,0,0
OG0010818,1,0,0
OG0010819,1,0,0
OG0010820,1,0,0
OG0010821,1,0,0
OG0010822,1,0,0
OG0010823,1,0,0
OG0010824,1,0,0
OG0010825,1,0,0
OG0010826,1,0,0
OG0010827,1,0,0
OG0010828,1,0,0
OG0010829,1,0,0
OG0010830,1,0,0
OG0010831,1,0,0
OG0010832,1,0,0
OG0010833,1,0,0
OG0010834,1,0,0
OG0010835,1,0,0
OG0010836,1,0,0
OG0010837,1,0,0
OG0010838,1,0,0
OG0010839,1,0,0
OG0010840,1,0,0
OG0010841,1,0,0
OG0010842,1,0,0
OG0010843,1,0,0
OG0010844,1,0,0
OG0010845,1,0,0
OG0010846,1,0,0
OG0010847,1,0,0
OG0010848,1,0,0
OG0010849,1,0,0
OG0010850,1,0,0
OG0010851,1,0,0
OG0010852,1,0,0
OG0010853,1,0,0
OG0010854,1,0,0
OG0010855,1,0,0
OG0010856,1,0,0
OG0010857,1,0,0
OG0010858,1,0,0
OG0010859,1,0,0
OG0010860,1,0,0
OG0010861,1,0,0
OG0010862,1,0,0
OG0010863,1,0,0
OG0010864,1,0,0
OG0010865,1,0,0
OG0010866,1,0,0
OG0010867,1,0,0
OG0010868,1,0,0
OG0010869,1,0,0
OG0010870,1,0,0
OG0010871,1,0,0
OG0010873,1,0,0
OG0010874,1,0,0
OG0010875,1,0,0
OG0010876,1,0,0
OG0010877,1,0,0
OG0010878,0.564782608695652,0.222222222222222,0.0769230769230769
OG0010879,1,0,0
OG0010881,1,0,0
OG0010882,1,0,0
OG0010883,1,0,0
OG0010884,1,0,0
OG0010887,1,0,0
OG0010890,1,0,0
OG0010891,1,0,0
OG0010894,1,0,0
OG0010895,1,0,0
OG0010902,1,0,0
OG0010906,1,0,0
OG0010907,1,0,0
OG0010908,1,0,0
OG0010910,1,0,0
OG0010911,1,0,0
OG0010912,1,0,0
OG0010914,1,0,0
OG0010915,1,0,0
OG0010916,1,0,0
OG0010917,1,0,0
OG0010918,1,0,0
OG0010919,1,0,0
OG0010920,1,0,0
OG0010921,1,0,0
OG0010922,1,0,0
OG0010923,1,0,0
OG0010924,1,0,0
OG0010925,1,0,0
OG0010926,1,0,0
OG0010927,1,0,0
OG0010929,1,0,0
OG0010930,1,0,0
OG0010931,1,0,0
OG0010932,1,0,0
OG0010933,1,0,0
OG0010934,1,0,0
OG0010935,1,0.1,0.0769230769230769
OG0010936,1,0,0
OG0010937,1,0,0
OG0010938,1,0,0
OG0010939,1,0,0
OG0010940,1,0,0
OG0010941,1,0,0
OG0010942,1,0,0
OG0010943,1,0,0
OG0010944,1,0,0
OG0010945,1,0,0
OG0010946,1,0,0
OG0010947,1,0,0
OG0010948,0.44,0.1,0
OG0010949,1,0,0
OG0010950,1,0,0
OG0010952,1,0,0
OG0010953,1,0,0
OG0010954,1,0,0
OG0010955,1,0,0
OG0010956,1,0,0
OG0010957,0.183333333333333,0.222222222222222,0
OG0010958,1,0,0
OG0010959,1,0,0
OG0010960,1,0,0
OG0010961,1,0,0
OG0010962,1,0,0
OG0010964,1,0,0
OG0010965,1,0,0
OG0010968,1,0,0
OG0010969,1,0,0
OG0010970,1,0,0
OG0010971,0.0717391304347826,0.375,0
OG0010972,1,0,0
OG0010973,1,0,0
OG0010974,1,0,0
OG0010975,1,0,0
OG0010976,1,0,0
OG0010977,1,0,0
OG0010978,1,0,0
OG0010979,1,0,0
OG0010982,1,0,0
OG0010983,1,0,0
OG0010985,1,0,0
OG0010986,1,0,0
OG0010987,1,0,0
OG0010988,1,0,0
OG0010989,1,0,0
OG0010990,0.183333333333333,0.222222222222222,0
OG0010991,1,0,0
OG0010992,1,0,0
OG0010993,1,0,0
OG0010995,1,0,0
OG0010996,1,0,0
OG0010997,1,0,0
OG0010998,1,0,0
OG0010999,1,0,0
OG0011001,1,0,0
OG0011002,1,0,0
OG0011003,1,0,0
OG0011004,1,0,0
OG0011005,1,0,0
OG0011006,1,0,0
OG0011007,1,0,0
OG0011008,1,0,0
OG0011009,1,0,0
OG0011010,1,0,0
OG0011011,1,0,0
OG0011012,1,0,0
OG0011013,1,0,0
OG0011014,1,0,0
OG0011015,1,0,0
OG0011016,1,0,0
OG0011017,1,0,0
OG0011018,1,0,0
OG0011019,1,0,0
OG0011020,1,0,0
OG0011021,1,0,0
OG0011022,1,0,0
OG0011023,0.183333333333333,0.222222222222222,0
OG0011025,0.44,0.1,0
OG0011026,1,0,0
OG0011027,1,0,0
OG0011028,1,0,0
OG0011029,1,0,0
OG0011030,1,0,0
OG0011031,1,0,0
OG0011032,1,0,0
OG0011033,1,0,0
OG0011034,1,0,0
OG0011036,1,0,0
OG0011037,1,0,0
OG0011038,1,0,0
OG0011039,1,0,0
OG0011040,1,0,0
OG0011041,1,0,0
OG0011042,1,0,0
OG0011043,1,0,0
OG0011044,1,0,0
OG0011045,1,0,0
OG0011046,1,0,0
OG0011047,1,0,0
OG0011048,1,0,0
OG0011049,1,0,0
OG0011050,1,0,0
OG0011051,1,0,0
OG0011052,1,0,0
OG0011054,1,0,0
OG0011055,1,0,0
OG0011057,1,0,0
OG0011058,1,0,0
OG0011060,1,0,0
OG0011062,1,0,0
OG0011063,1,0,0
OG0011064,1,0,0
OG0011065,1,0,0
OG0011066,1,0,0
OG0011067,1,0,0
OG0011068,1,0,0
OG0011069,1,0,0
OG0011070,1,0,0
OG0011071,1,0,0
OG0011072,1,0,0
OG0011073,0.44,0.1,0
OG0011074,1,0,0
OG0011075,1,0,0
OG0011076,1,0,0
OG0011077,1,0,0
OG0011078,1,0,0
OG0011079,1,0,0
OG0011081,1,0,0
OG0011082,1,0,0
OG0011083,1,0,0
OG0011084,1,0,0
OG0011085,1,0,0
OG0011086,1,0,0
OG0011087,1,0,0
OG0011088,1,0,0
OG0011089,1,0,0
OG0011090,1,0,0
OG0011092,1,0,0
OG0011094,1,0,0
OG0011095,1,0,0
OG0011096,1,0,0
OG0011097,1,0,0
OG0011098,1,0,0
OG0011099,1,0,0
OG0011100,1,0,0
OG0011101,1,0,0
OG0011102,1,0,0
OG0011103,1,0,0
OG0011104,1,0,0
OG0011105,1,0,0
OG0011106,1,0,0
OG0011107,0.44,0.1,0
OG0011108,1,0,0
OG0011109,1,0,0
OG0011110,1,0,0
OG0011111,1,0,0
OG0011112,1,0,0
OG0011113,1,0,0
OG0011114,1,0,0
OG0011115,1,0,0
OG0011116,1,0,0
OG0011117,1,0,0
OG0011118,1,0,0
OG0011119,1,0,0
OG0011120,1,0,0
OG0011121,1,0,0
OG0011122,1,0,0
OG0011123,1,0,0
OG0011124,1,0,0
OG0011125,1,0,0
OG0011126,1,0,0
OG0011127,1,0,0
OG0011128,1,0,0
OG0011129,1,0,0
OG0011130,1,0,0
OG0011131,1,0,0
OG0011132,1,0,0
OG0011133,1,0,0
OG0011134,1,0,0
OG0011135,1,0,0
OG0011136,1,0,0
OG0011137,1,0,0
OG0011138,1,0,0
OG0011139,1,0,0
OG0011140,1,0,0
OG0011141,1,0,0
OG0011142,1,0,0
OG0011144,1,0,0
OG0011145,1,0,0
OG0011146,1,0,0
OG0011147,1,0,0
OG0011148,1,0,0
OG0011149,1,0,0
OG0011150,1,0,0
OG0011153,1,0,0
OG0011154,1,0,0
OG0011156,1,0,0
OG0011157,1,0,0
OG0011158,1,0,0
OG0011159,1,0,0
OG0011160,1,0,0
OG0011161,1,0,0
OG0011162,1,0,0
OG0011163,1,0,0
OG0011164,1,0,0
OG0011165,1,0,0
OG0011166,1,0,0
OG0011167,1,0,0
OG0011168,1,0,0
OG0011169,1,0,0
OG0011170,1,0,0
OG0011171,1,0,0
OG0011172,1,0,0
OG0011173,1,0,0
OG0011174,1,0,0
OG0011175,1,0,0
OG0011176,1,0,0
OG0011177,1,0,0
OG0011178,1,0,0
OG0011179,1,0,0
OG0011180,1,0,0
OG0011181,1,0,0
OG0011182,1,0,0
OG0011183,1,0,0
OG0011184,1,0,0
OG0011185,1,0,0
OG0011186,1,0,0
OG0011187,1,0,0
OG0011188,1,0,0
OG0011189,1,0,0
OG0011190,1,0,0
OG0011191,1,0,0
OG0011192,1,0,0
OG0011193,1,0,0
OG0011194,1,0,0
OG0011195,1,0,0
OG0011196,1,0,0
OG0011197,1,0,0
OG0011198,1,0,0
OG0011199,1,0,0
OG0011200,1,0,0
OG0011201,1,0,0
OG0011202,1,0,0
OG0011203,1,0,0
OG0011204,1,0,0
OG0011205,1,0,0
OG0011206,1,0,0
OG0011207,1,0,0
OG0011208,1,0,0
OG0011209,1,0,0
OG0011210,1,0,0
OG0011211,1,0,0
OG0011212,0.287826086956522,0.375,0.0769230769230769
OG0011213,1,0,0
OG0011214,1,0,0
OG0011215,1,0,0
OG0011216,1,0,0
OG0011217,1,0,0
OG0011218,1,0,0
OG0011219,1,0,0
OG0011221,1,0,0
OG0011222,0.183333333333333,0.222222222222222,0
OG0011223,1,0,0
OG0011224,1,0,0
OG0011225,1,0,0
OG0011226,1,0,0
OG0011227,1,0,0
OG0011229,1,0,0
OG0011230,1,0,0
OG0011231,1,0,0
OG0011232,1,0,0
OG0011233,1,0,0
OG0011234,1,0,0
OG0011235,1,0,0
OG0011236,1,0,0
OG0011237,1,0,0
OG0011238,1,0,0
OG0011239,1,0,0
OG0011240,1,0,0
OG0011241,1,0,0
OG0011242,1,0,0
OG0011243,1,0,0
OG0011244,1,0,0
OG0011245,1,0,0
OG0011246,1,0,0
OG0011247,1,0,0
OG0011248,1,0,0
OG0011249,1,0,0
OG0011251,1,0,0
OG0011252,1,0,0
OG0011253,1,0,0
OG0011254,1,0,0
OG0011255,1,0,0
OG0011256,1,0,0
OG0011257,1,0,0
OG0011258,1,0,0
OG0011259,1,0,0
OG0011260,1,0,0
OG0011261,1,0,0
OG0011262,1,0,0
OG0011263,1,0,0
OG0011264,1,0,0
OG0011265,1,0,0
OG0011266,1,0,0
OG0011267,1,0,0
OG0011268,1,0,0
OG0011269,1,0,0
OG0011270,1,0,0
OG0011271,1,0,0
OG0011272,1,0,0
OG0011273,1,0,0
OG0011274,1,0,0
OG0011275,1,0,0
OG0011276,1,0,0
OG0011277,1,0,0
OG0011278,1,0,0
OG0011279,1,0,0
OG0011280,1,0,0
OG0011281,1,0,0
OG0011282,1,0,0
OG0011283,1,0,0
OG0011285,1,0,0
OG0011286,1,0,0
OG0011287,1,0,0
OG0011288,1,0,0
OG0011289,1,0,0
OG0011290,1,0,0
OG0011291,1,0,0
OG0011292,1,0,0
OG0011293,1,0,0
OG0011294,1,0,0
OG0011295,1,0,0
OG0011296,1,0,0
OG0011297,1,0,0
OG0011298,1,0,0
OG0011299,1,0,0
OG0011300,1,0,0
OG0011301,1,0,0
OG0011302,1,0,0
OG0011303,1,0,0
OG0011304,1,0,0
OG0011305,1,0,0
OG0011306,1,0,0
OG0011307,1,0,0
OG0011308,1,0,0
OG0011309,1,0,0
OG0011310,1,0,0
OG0011311,1,0,0
OG0011312,1,0,0
OG0011313,1,0,0
OG0011314,1,0,0
OG0011315,1,0,0
OG0011316,1,0,0
OG0011317,1,0,0
OG0011318,1,0,0
OG0011319,1,0,0
OG0011320,1,0,0
OG0011321,1,0,0
OG0011322,1,0,0
OG0011323,1,0,0
OG0011324,1,0,0
OG0011325,1,0,0
OG0011326,1,0,0
OG0011327,1,0,0
OG0011328,1,0,0
OG0011329,1,0,0
OG0011330,1,0,0
OG0011331,1,0,0
OG0011332,1,0,0
OG0011333,1,0,0
OG0011334,1,0,0
OG0011335,1,0,0
OG0011336,1,0,0
OG0011337,1,0,0
OG0011338,1,0,0
OG0011339,1,0,0
OG0011340,1,0,0
OG0011341,1,0,0
OG0011342,1,0,0
OG0011343,1,0,0
OG0011344,1,0,0
OG0011345,1,0,0
OG0011346,1,0,0
OG0011347,1,0,0
OG0011348,1,0,0
OG0011349,1,0,0
OG0011350,1,0,0
OG0011351,1,0,0
OG0011352,1,0,0
OG0011353,1,0,0
OG0011354,1,0,0
OG0011355,1,0,0
OG0011356,1,0,0
OG0011357,1,0,0
OG0011359,1,0,0
OG0011360,1,0,0
OG0011362,1,0,0
OG0011363,1,0,0
OG0011364,1,0,0
OG0011365,1,0,0
OG0011366,1,0,0
OG0011367,1,0,0
OG0011368,1,0,0
OG0011369,1,0,0
OG0011370,1,0,0
OG0011371,1,0,0
OG0011372,1,0,0
OG0011373,1,0,0
OG0011374,1,0,0
OG0011375,1,0,0
OG0011376,1,0,0
OG0011377,1,0,0
OG0011378,1,0,0
OG0011379,1,0,0
OG0011381,1,0,0
OG0011382,1,0,0
OG0011384,1,0,0
OG0011385,1,0,0
OG0011386,1,0,0
OG0011387,1,0,0
OG0011388,1,0,0
OG0011389,1,0,0
OG0011390,1,0,0
OG0011391,1,0,0
OG0011393,1,0,0
OG0011394,1,0,0
OG0011395,1,0,0
OG0011396,1,0,0
OG0011397,1,0,0
OG0011398,1,0,0
OG0011399,1,0,0
OG0011400,1,0,0
OG0011401,1,0,0
OG0011402,1,0,0
OG0011403,1,0,0
OG0011404,1,0,0
OG0011405,1,0,0
OG0011406,1,0,0
OG0011407,1,0,0
OG0011408,1,0,0
OG0011409,1,0,0
OG0011410,1,0,0
OG0011411,1,0,0
OG0011413,1,0,0
OG0011414,1,0,0
OG0011415,1,0,0
OG0011416,1,0,0
OG0011417,1,0,0
OG0011418,1,0,0
OG0011419,1,0,0
OG0011420,1,0,0
OG0011421,1,0,0
OG0011422,1,0,0
OG0011423,1,0,0
OG0011424,1,0,0
OG0011425,1,0,0
OG0011426,1,0,0
OG0011427,1,0,0
OG0011428,1,0,0
OG0011429,1,0,0
OG0011430,1,0,0
OG0011431,1,0,0
OG0011432,1,0,0
OG0011433,1,0,0
OG0011434,1,0,0
OG0011435,1,0,0
OG0011436,1,0,0
OG0011437,1,0,0
OG0011438,1,0,0
OG0011439,1,0,0
OG0011440,1,0,0
OG0011441,1,0,0
OG0011442,1,0,0
OG0011443,1,0,0
OG0011444,1,0,0
OG0011445,1,0,0
OG0011447,1,0,0
OG0011448,1,0,0
OG0011449,1,0,0
OG0011450,1,0,0
OG0011451,1,0,0
OG0011452,1,0,0
OG0011453,1,0,0
OG0011454,1,0,0
OG0011455,1,0,0
OG0011456,1,0,0
OG0011457,1,0,0
OG0011458,1,0,0
OG0011459,1,0,0
OG0011460,1,0,0
OG0011461,1,0,0
OG0011462,1,0,0
OG0011463,1,0,0
OG0011464,1,0,0
OG0011465,1,0,0
OG0011466,1,0,0
OG0011467,1,0,0
OG0011468,1,0,0
OG0011469,1,0,0
OG0011470,1,0,0
OG0011471,1,0,0
OG0011472,1,0,0
OG0011473,1,0,0
OG0011474,1,0,0
OG0011475,1,0,0
OG0011477,1,0.1,0.0769230769230769
OG0011478,1,0,0
OG0011479,1,0,0
OG0011480,1,0,0
OG0011481,1,0,0
OG0011482,1,0,0
OG0011483,1,0,0
OG0011484,1,0,0
OG0011485,1,0,0
OG0011487,1,0,0
OG0011488,1,0.1,0.0769230769230769
OG0011489,1,0,0
OG0011490,1,0,0
OG0011491,1,0,0
OG0011492,1,0,0
OG0011493,1,0,0
OG0011494,1,0,0
OG0011495,1,0,0
OG0011496,1,0,0
OG0011497,1,0,0
OG0011498,1,0,0
OG0011500,1,0,0
OG0011501,0.486666666666667,0,0.166666666666667
OG0011502,1,0,0
OG0011503,1,0,0
OG0011504,1,0,0
OG0011505,1,0,0
OG0011506,1,0,0
OG0011507,1,0,0
OG0011508,1,0,0
OG0011509,1,0,0
OG0011510,1,0,0
OG0011511,1,0,0
OG0011512,1,0,0
OG0011513,1,0,0
OG0011514,1,0,0
OG0011515,1,0,0
OG0011516,1,0,0
OG0011517,1,0,0
OG0011518,1,0,0
OG0011520,1,0,0
OG0011521,1,0,0
OG0011522,1,0,0
OG0011523,1,0,0
OG0011524,1,0,0
OG0011525,1,0,0
OG0011526,1,0,0
OG0011527,1,0,0
OG0011528,1,0,0
OG0011530,1,0,0
OG0011531,1,0,0
OG0011532,1,0,0
OG0011533,1,0,0
OG0011534,1,0,0
OG0011535,1,0,0
OG0011536,1,0,0
OG0011537,1,0,0
OG0011538,1,0,0
OG0011540,1,0,0
OG0011541,1,0,0
OG0011542,1,0,0
OG0011543,1,0,0
OG0011544,1,0,0
OG0011545,1,0,0
OG0011546,1,0,0
OG0011547,1,0,0
OG0011548,1,0,0
OG0011549,1,0,0
OG0011550,1,0,0
OG0011551,1,0,0
OG0011552,1,0,0
OG0011553,1,0,0
OG0011554,1,0,0
OG0011555,1,0,0
OG0011556,1,0,0
OG0011557,1,0,0
OG0011558,1,0,0
OG0011559,1,0,0
OG0011560,1,0,0
OG0011561,1,0,0
OG0011562,1,0,0
OG0011564,1,0,0
OG0011565,0.44,0.1,0
OG0011566,1,0,0
OG0011567,1,0,0
OG0011568,1,0,0
OG0011569,1,0,0
OG0011571,1,0,0
OG0011572,1,0,0
OG0011573,1,0,0
OG0011574,1,0,0
OG0011575,1,0,0
OG0011576,1,0,0
OG0011578,1,0,0
OG0011579,1,0,0
OG0011585,1,0,0
OG0011587,1,0,0
OG0011588,1,0,0
OG0011602,1,0,0
OG0011603,1,0,0
OG0011604,1,0,0
OG0011605,1,0,0
OG0011606,1,0,0
OG0011607,1,0,0
OG0011608,1,0,0
OG0011610,1,0,0
OG0011611,1,0,0
OG0011612,1,0,0
OG0011613,1,0,0
OG0011614,1,0,0
OG0011615,1,0,0
OG0011616,1,0,0
OG0011617,1,0,0
OG0011619,1,0,0
OG0011620,1,0,0
OG0011622,1,0,0
OG0011623,1,0,0
OG0011624,1,0,0
OG0011625,1,0,0
OG0011627,1,0,0
OG0011628,1,0,0
OG0011629,1,0,0
OG0011630,1,0,0
OG0011632,1,0,0
OG0011634,1,0,0
OG0011637,1,0,0
OG0011638,1,0,0
OG0011639,0.564782608695652,0.222222222222222,0.0769230769230769
OG0011641,1,0,0
OG0011644,1,0,0
OG0011645,1,0,0
OG0011646,0.183333333333333,0.222222222222222,0
OG0011649,1,0,0
OG0011650,1,0,0
OG0011651,1,0,0
OG0011652,1,0,0
OG0011653,1,0,0
OG0011654,1,0,0
OG0011655,1,0,0
OG0011656,1,0,0
OG0011657,1,0,0
OG0011658,1,0,0
OG0011659,1,0,0
OG0011661,1,0,0
OG0011662,1,0,0
OG0011663,1,0,0
OG0011664,1,0,0
OG0011665,1,0,0
OG0011666,1,0,0
OG0011667,1,0,0
OG0011668,1,0,0
OG0011669,1,0,0
OG0011670,1,0,0
OG0011671,1,0,0
OG0011672,1,0,0
OG0011673,1,0,0
OG0011674,1,0,0
OG0011675,1,0,0
OG0011676,1,0,0
OG0011677,1,0,0
OG0011678,0.44,0.1,0
OG0011679,1,0,0
OG0011681,1,0,0
OG0011682,1,0,0
OG0011683,1,0,0
OG0011684,1,0,0
OG0011686,1,0,0
OG0011687,1,0,0
OG0011688,1,0,0
OG0011689,1,0,0
OG0011690,1,0,0
OG0011691,1,0,0
OG0011692,1,0,0
OG0011693,1,0,0
OG0011694,1,0,0
OG0011695,1,0,0
OG0011696,1,0,0
OG0011697,1,0,0
OG0011698,1,0,0
OG0011699,1,0,0
OG0011701,1,0,0
OG0011702,1,0,0
OG0011703,1,0,0
OG0011705,1,0,0
OG0011706,1,0,0
OG0011707,1,0,0
OG0011708,1,0,0
OG0011709,1,0,0
OG0011710,1,0,0
OG0011711,1,0,0
OG0011712,1,0,0
OG0011713,1,0,0
OG0011714,1,0,0
OG0011715,1,0,0
OG0011716,1,0,0
OG0011717,1,0,0
OG0011718,1,0,0
OG0011720,1,0,0
OG0011721,1,0,0
OG0011722,1,0,0
OG0011723,1,0,0
OG0011724,1,0,0
OG0011725,1,0,0
OG0011726,1,0,0
OG0011727,1,0,0
OG0011728,1,0,0
OG0011729,1,0,0
OG0011730,0.183333333333333,0.222222222222222,0
OG0011731,1,0,0
OG0011732,1,0,0
OG0011733,1,0,0
OG0011734,1,0,0
OG0011736,1,0,0
OG0011737,1,0,0
OG0011738,1,0,0
OG0011743,1,0,0
OG0011744,1,0,0
OG0011745,1,0,0
OG0011746,1,0,0
OG0011747,1,0,0
OG0011748,1,0,0
OG0011749,1,0,0
OG0011751,1,0,0
OG0011752,1,0,0
OG0011754,1,0,0
OG0011755,1,0,0
OG0011757,1,0,0
OG0011758,1,0,0
OG0011759,1,0,0
OG0011760,1,0,0
OG0011761,1,0,0
OG0011762,1,0,0
OG0011763,1,0,0
OG0011764,1,0,0
OG0011766,1,0,0
OG0011767,1,0,0
OG0011768,1,0,0
OG0011769,1,0,0
OG0011770,1,0,0
OG0011771,1,0,0
OG0011772,1,0,0
OG0011774,0.486666666666667,0,0.166666666666667
OG0011775,1,0,0
OG0011776,1,0,0
OG0011777,1,0,0
OG0011778,1,0,0
OG0011779,1,0,0
OG0011780,1,0,0
OG0011781,1,0,0
OG0011782,1,0,0
OG0011783,1,0,0
OG0011784,1,0,0
OG0011785,1,0,0
OG0011786,0.44,0.1,0
OG0011787,1,0,0
OG0011788,1,0,0
OG0011789,1,0,0
OG0011790,1,0,0
OG0011791,1,0,0
OG0011792,1,0,0
OG0011794,1,0,0
OG0011796,1,0,0
OG0011797,1,0,0
OG0011798,1,0,0
OG0011799,1,0,0
OG0011800,1,0,0
OG0011801,1,0,0
OG0011802,1,0,0
OG0011803,1,0,0
OG0011804,1,0,0
OG0011805,1,0,0
OG0011806,1,0,0
OG0011809,1,0,0
OG0011810,1,0,0
OG0011811,1,0,0
OG0011812,1,0,0
OG0011813,1,0,0
OG0011814,1,0,0
OG0011815,1,0,0
OG0011816,1,0,0
OG0011817,1,0,0
OG0011818,1,0,0
OG0011819,1,0,0
OG0011821,1,0,0
OG0011822,1,0,0
OG0011823,1,0,0
OG0011824,1,0,0
OG0011825,1,0,0
OG0011826,1,0,0
OG0011828,1,0,0
OG0011829,1,0,0
OG0011830,1,0,0
OG0011831,0.44,0.1,0
OG0011832,1,0,0
OG0011834,1,0,0
OG0011835,1,0,0
OG0011836,1,0,0
OG0011837,1,0,0
OG0011839,1,0,0
OG0011840,1,0,0
OG0011841,1,0,0
OG0011842,1,0,0
OG0011843,1,0,0
OG0011845,1,0,0
OG0011846,1,0,0
OG0011847,1,0,0
OG0011849,1,0,0
OG0011850,1,0,0
OG0011851,1,0,0
OG0011852,1,0,0
OG0011853,1,0,0
OG0011854,1,0.222222222222222,0.166666666666667
OG0011855,1,0,0
OG0011856,1,0,0
OG0011857,1,0,0
OG0011858,1,0,0
OG0011859,1,0,0
OG0011860,1,0,0
OG0011861,1,0,0
OG0011862,1,0,0
OG0011863,1,0,0
OG0011864,1,0,0
OG0011866,1,0,0
OG0011867,1,0,0
OG0011868,1,0,0
OG0011869,1,0,0
OG0011871,1,0,0
OG0011873,1,0,0
OG0011875,1,0,0
OG0011876,1,0,0
OG0011877,1,0,0
OG0011878,1,0,0
OG0011880,1,0,0
OG0011881,1,0,0
OG0011882,1,0,0
OG0011883,1,0,0
OG0011884,1,0,0
OG0011885,1,0,0
OG0011886,0.44,0.1,0
OG0011887,1,0,0
OG0011889,1,0,0
OG0011890,1,0,0
OG0011891,1,0,0
OG0011892,1,0,0
OG0011893,1,0,0
OG0011894,1,0,0
OG0011895,1,0,0
OG0011896,1,0,0
OG0011897,1,0,0
OG0011898,1,0,0
OG0011899,1,0,0
OG0011900,1,0,0
OG0011901,1,0,0
OG0011902,1,0,0
OG0011903,1,0,0
OG0011904,1,0,0
OG0011905,1,0,0
OG0011906,1,0,0
OG0011907,1,0,0
OG0011908,1,0,0
OG0011909,1,0,0
OG0011910,1,0,0
OG0011911,1,0,0
OG0011912,1,0,0
OG0011913,1,0,0
OG0011915,1,0,0
OG0011916,1,0,0
OG0011917,1,0,0
OG0011918,1,0,0
OG0011919,1,0,0
OG0011920,1,0,0
OG0011921,1,0,0
OG0011922,1,0,0
OG0011923,1,0,0
OG0011924,1,0,0
OG0011925,1,0,0
OG0011926,1,0,0
OG0011927,1,0,0
OG0011928,1,0,0
OG0011929,1,0,0
OG0011930,1,0,0
OG0011932,1,0,0
OG0011933,0.44,0.1,0
OG0011934,1,0,0
OG0011935,0.183333333333333,0.222222222222222,0
OG0011936,1,0,0
OG0011937,1,0,0
OG0011938,1,0,0
OG0011939,1,0,0
OG0011941,1,0,0
OG0011942,1,0,0
OG0011943,1,0,0
OG0011944,1,0,0
OG0011945,1,0,0
OG0011946,1,0,0
OG0011947,1,0,0
OG0011948,1,0,0
OG0011949,1,0,0
OG0011950,1,0,0
OG0011951,1,0,0
OG0011952,1,0,0.0769230769230769
OG0011954,1,0,0
OG0011957,1,0,0
OG0011958,1,0,0
OG0011959,1,0,0
OG0011962,1,0,0
OG0011963,1,0,0
OG0011964,1,0,0
OG0011966,1,0,0
OG0011967,1,0,0
OG0011969,1,0,0
OG0011972,1,0.222222222222222,0.166666666666667
OG0011973,0.44,0.1,0
OG0011974,0.656407322654462,0.571428571428571,0.272727272727273
OG0011975,1,0,0
OG0011983,1,0,0
OG0011984,1,0,0
OG0011987,1,0,0
OG0011988,1,0,0
OG0011989,1,0,0
OG0011990,1,0,0
OG0011991,1,0,0
OG0011992,1,0,0
OG0011993,1,0,0
OG0011995,1,0,0
OG0011996,0.564782608695652,0.222222222222222,0.0769230769230769
OG0011998,1,0,0
OG0011999,1,0,0
OG0012000,1,0,0
OG0012001,1,0,0
OG0012002,1,0,0
OG0012003,0.183333333333333,0.222222222222222,0
OG0012004,1,0,0
OG0012006,1,0,0
OG0012007,1,0,0
OG0012008,1,0,0
OG0012009,1,0,0
OG0012010,0.44,0.1,0
OG0012011,1,0,0
OG0012012,1,0,0
OG0012013,1,0,0
OG0012014,1,0,0
OG0012015,1,0,0
OG0012016,1,0,0
OG0012018,1,0,0
OG0012019,1,0,0
OG0012023,1,0.1,0.0769230769230769
OG0012024,1,0,0
OG0012025,1,0,0
OG0012026,1,0,0
OG0012027,1,0,0
OG0012028,1,0,0
OG0012029,1,0,0
OG0012031,1,0,0
OG0012034,1,0,0
OG0012035,1,0,0
OG0012036,1,0,0
OG0012037,0.44,0.1,0
OG0012038,1,0,0
OG0012039,1,0,0
OG0012040,1,0,0
OG0012041,1,0,0
OG0012042,1,0,0
OG0012043,0.183333333333333,0.222222222222222,0
OG0012044,1,0,0
OG0012046,1,0,0
OG0012047,1,0,0
OG0012048,1,0,0
OG0012049,1,0,0
OG0012050,1,0,0
OG0012051,1,0,0
OG0012052,1,0,0
OG0012054,1,0,0
OG0012055,1,0,0
OG0012056,1,0,0
OG0012057,1,0,0
OG0012060,1,0,0
OG0012062,1,0,0
OG0012063,1,0,0
OG0012064,1,0,0
OG0012065,1,0,0
OG0012066,1,0,0
OG0012068,1,0,0
OG0012069,1,0,0
OG0012070,1,0,0
OG0012071,1,0,0
OG0012073,1,0,0
OG0012074,1,0,0
OG0012078,1,0,0
OG0012080,1,0,0
OG0012081,1,0,0
OG0012082,1,0.1,0.0769230769230769
OG0012084,1,0,0
OG0012085,1,0,0
OG0012086,1,0,0
OG0012087,1,0,0
OG0012089,1,0,0
OG0012091,1,0,0
OG0012092,1,0,0
OG0012093,1,0,0
OG0012094,1,0,0
OG0012095,1,0,0
OG0012096,1,0,0
OG0012097,1,0,0
OG0012098,1,0,0
OG0012099,1,0,0
OG0012100,1,0,0
OG0012102,1,0,0
OG0012103,1,0,0
OG0012104,1,0,0
OG0012105,1,0,0
OG0012108,1,0,0
OG0012109,1,0,0
OG0012110,1,0,0
OG0012111,1,0,0
OG0012112,1,0,0
OG0012113,1,0,0
OG0012115,1,0,0
OG0012116,1,0,0
OG0012117,1,0,0
OG0012118,1,0,0
OG0012121,1,0,0
OG0012122,1,0,0
OG0012123,1,0,0
OG0012124,1,0,0
OG0012125,1,0,0
OG0012127,1,0,0
OG0012128,1,0,0
OG0012129,1,0,0
OG0012131,1,0,0
OG0012132,1,0,0
OG0012134,1,0,0
OG0012135,1,0,0
OG0012136,1,0,0
OG0012137,1,0,0
OG0012138,1,0,0
OG0012139,1,0,0
OG0012140,1,0,0
OG0012141,1,0,0
OG0012142,1,0,0
OG0012143,1,0,0
OG0012144,1,0,0
OG0012145,1,0,0
OG0012146,1,0,0
OG0012148,1,0,0
OG0012149,1,0,0
OG0012150,1,0,0
OG0012151,1,0,0
OG0012153,1,0,0
OG0012154,1,0,0
OG0012156,1,0,0
OG0012158,1,0,0
OG0012160,1,0.1,0.0769230769230769
OG0012161,1,0,0
OG0012162,1,0,0
OG0012164,1,0,0
OG0012165,1,0,0
OG0012167,1,0,0
OG0012168,1,0,0
OG0012169,1,0,0
OG0012170,1,0,0
OG0012171,1,0,0
OG0012172,1,0,0
OG0012173,1,0,0
OG0012174,1,0,0
OG0012178,1,0,0
OG0012179,1,0,0
OG0012180,1,0,0
OG0012181,1,0,0
OG0012183,1,0,0
OG0012184,1,0,0
OG0012185,1,0,0
OG0012186,1,0,0
OG0012187,1,0,0
OG0012189,1,0,0
OG0012192,1,0,0
OG0012193,1,0,0
OG0012194,1,0,0
OG0012196,1,0,0
OG0012197,1,0,0
OG0012198,1,0,0
OG0012199,1,0,0
OG0012200,1,0,0
OG0012201,1,0,0
OG0012204,1,0,0
OG0012205,1,0,0
OG0012207,1,0,0
OG0012208,1,0,0
OG0012209,1,0,0
OG0012210,1,0,0
OG0012211,1,0,0
OG0012213,0.183333333333333,0.222222222222222,0
OG0012215,1,0,0
OG0012217,1,0,0
OG0012223,0.183333333333333,0.222222222222222,0
OG0012224,1,0,0
OG0012225,1,0,0
OG0012226,0.44,0.1,0
OG0012227,1,0,0
OG0012228,1,0,0
OG0012230,1,0,0
OG0012231,1,0,0
OG0012232,1,0,0.0769230769230769
OG0012233,1,0,0.0769230769230769
OG0012234,1,0,0
OG0012241,0.564782608695652,0.222222222222222,0.0769230769230769
OG0012250,1,0,0
OG0012251,1,0,0
OG0012252,1,0,0
OG0012253,1,0,0
OG0012254,1,0,0
OG0012256,1,0,0
OG0012258,1,0,0
OG0012259,1,0,0
OG0012260,1,0,0
OG0012261,1,0,0
OG0012262,1,0,0
OG0012263,1,0,0
OG0012264,1,0,0
OG0012265,1,0,0
OG0012266,1,0,0
OG0012268,1,0,0
OG0012269,1,0,0
OG0012270,1,0,0
OG0012272,0.183333333333333,0.222222222222222,0
OG0012274,1,0,0
OG0012275,1,0,0
OG0012276,0.183333333333333,0.222222222222222,0
OG0012278,1,0.1,0.0769230769230769
OG0012279,1,0,0
OG0012280,1,0,0
OG0012282,1,0,0
OG0012283,1,0,0
OG0012284,1,0,0
OG0012285,1,0,0
OG0012286,1,0,0
OG0012287,1,0,0
OG0012288,1,0,0
OG0012290,1,0,0
OG0012291,1,0,0
OG0012292,1,0,0
OG0012293,1,0,0
OG0012294,1,0,0
OG0012295,1,0,0
OG0012296,1,0.222222222222222,0.166666666666667
OG0012297,1,0,0
OG0012298,1,0,0
OG0012303,1,0,0
OG0012306,1,0,0
OG0012307,1,0,0
OG0012309,1,0,0
OG0012310,1,0,0
OG0012311,1,0,0
OG0012312,1,0,0
OG0012313,1,0,0
OG0012314,1,0,0
OG0012315,1,0,0
OG0012316,1,0,0
OG0012317,1,0,0
OG0012318,1,0,0
OG0012319,1,0.222222222222222,0.166666666666667
OG0012320,1,0,0
OG0012321,1,0,0
OG0012322,1,0,0
OG0012323,1,0,0
OG0012324,1,0.1,0.0769230769230769
OG0012325,1,0,0
OG0012326,1,0,0
OG0012327,0.133333333333333,0.571428571428571,0.0769230769230769
OG0012328,1,0,0
OG0012330,1,0,0
OG0012332,1,0,0
OG0012333,1,0,0
OG0012334,1,0,0
OG0012335,1,0,0
OG0012336,1,0,0
OG0012337,1,0,0
OG0012339,1,0.1,0.0769230769230769
OG0012342,1,0,0
OG0012343,1,0,0
OG0012344,1,0,0
OG0012345,1,0,0
OG0012346,1,0,0
OG0012348,1,0,0
OG0012349,1,0,0
OG0012351,1,0,0
OG0012352,1,0,0
OG0012354,1,0,0
OG0012357,1,0,0
OG0012358,1,0,0
OG0012360,1,0,0
OG0012361,1,0,0
OG0012362,1,0,0
OG0012364,1,0,0
OG0012365,1,0,0
OG0012367,1,0,0
OG0012368,1,0,0
OG0012369,1,0,0
OG0012370,1,0,0
OG0012371,1,0,0
OG0012372,1,0,0
OG0012373,1,0,0
OG0012374,1,0,0
OG0012376,1,0,0
OG0012377,1,0,0
OG0012379,1,0,0
OG0012380,1,0,0
OG0012383,1,0,0
OG0012385,0.183333333333333,0.222222222222222,0
OG0012388,1,0,0
OG0012389,1,0,0
OG0012390,1,0,0
OG0012392,1,0,0.0769230769230769
OG0012394,1,0,0
OG0012396,1,0,0
OG0012398,1,0,0
OG0012400,0.183333333333333,0.222222222222222,0
OG0012401,1,0,0
OG0012403,1,0,0
OG0012404,1,0,0
OG0012406,1,0,0
OG0012407,1,0,0.0769230769230769
OG0012415,1,0,0
OG0012416,1,0,0
OG0012422,1,0,0
OG0012423,1,0,0
OG0012424,1,0,0
OG0012425,1,0,0
OG0012426,0.44,0.1,0
OG0012427,1,0,0
OG0012428,1,0,0
OG0012429,1,0,0
OG0012430,1,0,0
OG0012434,1,0,0
OG0012435,1,0,0
OG0012437,1,0,0
OG0012438,1,0,0
OG0012441,1,0,0
OG0012442,1,0,0
OG0012444,1,0,0
OG0012446,1,0,0
OG0012447,0.183333333333333,0.222222222222222,0
OG0012449,1,0,0
OG0012450,1,0,0
OG0012453,1,0,0
OG0012454,1,0,0
OG0012457,1,0,0
OG0012459,1,0,0
OG0012461,1,0,0
OG0012462,1,0,0
OG0012463,1,0,0
OG0012464,1,0,0
OG0012465,1,0,0
OG0012468,1,0,0
OG0012472,1,0,0
OG0012473,1,0,0
OG0012475,1,0,0
OG0012476,1,0,0
OG0012477,0.604347826086956,0.1,0.272727272727273
OG0012478,1,0,0
OG0012479,1,0,0
OG0012480,1,0.1,0.0769230769230769
OG0012482,1,0,0
OG0012484,1,0,0
OG0012485,1,0,0
OG0012486,0.564782608695652,0.222222222222222,0.0769230769230769
OG0012487,1,0,0
OG0012488,0.564782608695652,0.222222222222222,0.0769230769230769
OG0012490,1,0,0
OG0012491,1,0,0
OG0012492,1,0,0
OG0012493,1,0,0
OG0012494,1,0,0
OG0012496,1,0,0
OG0012497,1,0,0
OG0012501,1,0,0
OG0012504,0.44,0.1,0
OG0012506,1,0,0
OG0012508,1,0,0
OG0012509,1,0,0
OG0012510,1,0,0
OG0012515,1,0,0
OG0012517,1,0,0
OG0012518,1,0,0
OG0012519,1,0,0
OG0012520,1,0,0
OG0012521,1,0,0
OG0012524,1,0,0
OG0012528,1,0,0
OG0012529,1,0,0
OG0012530,1,0,0
OG0012531,1,0,0
OG0012532,1,0,0
OG0012533,1,0,0
OG0012534,1,0,0
OG0012535,1,0,0
OG0012536,1,0,0
OG0012537,1,0,0
OG0012540,1,0,0
OG0012541,1,0,0
OG0012545,1,0,0
OG0012546,1,0,0
OG0012547,1,0,0
OG0012549,1,0,0
OG0012555,1,0,0
OG0012559,0.183333333333333,0.222222222222222,0
OG0012562,1,0,0
OG0012563,1,0,0
OG0012564,1,0,0
OG0012566,1,0.1,0.0769230769230769
OG0012568,0.564782608695652,0.222222222222222,0.0769230769230769
OG0012569,1,0,0
OG0012571,0.44,0.1,0
OG0012580,1,0,0
OG0012581,1,0,0
OG0012584,1,0,0
OG0012587,0.623188405797101,0.375,0.166666666666667
OG0012590,1,0,0
OG0012591,1,0.222222222222222,0.166666666666667
OG0012592,0.44,0.1,0
OG0012593,1,0,0
OG0012595,1,0,0
OG0012596,1,0,0
OG0012597,1,0,0
OG0012602,1,0.1,0.166666666666667
OG0012603,1,0,0
OG0012606,1,0,0
OG0012607,1,0,0
OG0012608,1,0,0
OG0012609,1,0,0
OG0012610,1,0,0
OG0012611,1,0,0
OG0012613,1,0,0
OG0012614,1,0,0
OG0012615,1,0,0
OG0012617,1,0,0
OG0012619,1,0,0
OG0012620,1,0,0
OG0012622,0.564782608695652,0.222222222222222,0.0769230769230769
OG0012623,1,0,0
OG0012624,1,0,0
OG0012625,1,0,0
OG0012627,1,0,0
OG0012628,1,0,0
OG0012629,1,0.1,0.0769230769230769
OG0012630,1,0,0
OG0012632,1,0,0
OG0012633,1,0,0
OG0012636,1,0,0
OG0012637,1,0,0
OG0012638,1,0,0
OG0012641,1,0.222222222222222,0.166666666666667
OG0012642,0.0717391304347826,0.375,0
OG0012644,1,0,0
OG0012645,1,0,0
OG0012647,1,0,0
OG0012649,1,0,0
OG0012651,1,0,0
OG0012653,1,0,0
OG0012654,1,0,0
OG0012655,1,0,0
OG0012659,1,0,0
OG0012662,1,0,0
OG0012664,1,0,0
OG0012669,1,0,0
OG0012670,1,0,0.0769230769230769
OG0012672,1,0,0
OG0012676,1,0,0
OG0012678,1,0,0
OG0012679,1,0,0
OG0012683,1,0,0
OG0012689,1,0.222222222222222,0.272727272727273
OG0012693,1,0,0
OG0012695,1,0,0
OG0012697,1,0,0
OG0012700,1,0,0
OG0012703,1,0,0
OG0012705,1,0,0
OG0012709,1,0,0
OG0012714,1,0,0
OG0012719,1,0,0
OG0012726,1,0,0
OG0012727,1,0,0
OG0012745,1,0,0
OG0012752,1,0,0
OG0012755,1,0,0
OG0012756,1,0,0
OG0012758,0.287826086956522,0.375,0.0769230769230769
OG0012759,1,0,0
OG0012762,1,0,0
OG0012763,0.183333333333333,0.222222222222222,0
OG0012765,1,0.222222222222222,0.166666666666667
OG0012766,1,0.222222222222222,0.166666666666667
OG0012770,1,0,0
OG0012774,1,0,0
OG0012776,0.35,0.571428571428571,0.166666666666667
OG0012777,0.486666666666667,0,0.166666666666667
OG0012780,1,0,0
OG0012781,1,0,0
OG0012783,0.0717391304347826,0.375,0
OG0012786,1,0,0
OG0012787,1,0,0
OG0012790,1,0,0
OG0012791,0.340579710144927,0.1,0.4
OG0012792,1,0,0
OG0012798,1,0,0
OG0012801,1,0,0
OG0012807,1,0,0
OG0012811,1,0.1,0.0769230769230769
OG0012824,1,0,0
OG0012826,1,0,0
OG0012828,1,0,0
OG0012832,0.183333333333333,0.222222222222222,0
OG0012833,1,0,0
OG0012834,1,0,0
OG0012835,1,0,0
OG0012836,1,0,0
OG0012840,1,0,0
OG0012845,0.486666666666667,0,0.166666666666667
OG0012848,1,0,0
OG0012851,1,0,0
OG0012856,1,0,0
OG0012858,1,0,0
OG0012859,1,0,0
OG0012862,1,0,0
OG0012864,1,0,0
OG0012865,1,0,0
OG0012866,1,0,0.0769230769230769
OG0012867,1,0,0
OG0012886,1,0,0
OG0012887,0.44,0.1,0
OG0012888,1,0,0
OG0012889,1,0,0
OG0012893,1,0,0
OG0012897,1,0,0
OG0012899,1,0,0
OG0012900,1,0.222222222222222,0.166666666666667
OG0012904,1,0,0
OG0012905,0.486666666666667,0,0.166666666666667
OG0012906,1,0,0
OG0012907,1,0,0
OG0012908,1,0,0
OG0012909,0.564782608695652,0.222222222222222,0.0769230769230769
OG0012910,0.0717391304347826,0.375,0
OG0012911,1,0,0
OG0012913,1,0.1,0.0769230769230769
OG0012916,0.287826086956522,0.375,0.0769230769230769
OG0012919,1,0,0
OG0012920,0.486666666666667,0,0.166666666666667
OG0012922,1,0,0
OG0012924,1,0,0
OG0012940,1,0,0
OG0012941,0.0717391304347826,0.375,0
OG0012944,1,0,0
OG0012957,1,0,0
OG0012959,1,0,0
OG0012967,1,0,0
OG0012970,1,0,0
OG0012979,1,0,0
OG0012983,1,0,0
OG0012985,1,0,0
OG0012990,1,0,0
OG0012992,1,0,0
OG0012993,1,0,0
OG0012999,1,0,0
OG0013006,1,0,0
OG0013007,1,0,0
OG0013008,1,0,0
OG0013016,1,0,0
OG0013020,1,0,0
OG0013022,1,0,0
OG0013042,1,0,0
OG0013045,1,0,0
OG0013047,1,0,0
OG0013048,0.564782608695652,0.222222222222222,0.0769230769230769
OG0013050,0.564782608695652,0.222222222222222,0.0769230769230769
OG0013052,1,0,0
OG0013053,1,0,0
OG0013056,1,0,0
OG0013057,1,0,0
OG0013058,1,0,0
OG0013060,0.287826086956522,0.375,0.0769230769230769
OG0013061,1,0,0
OG0013062,1,0,0
OG0013063,0.44,0.1,0
OG0013064,1,0,0
OG0013065,1,0,0
OG0013068,1,0,0
OG0013069,1,0,0
OG0013084,1,0.222222222222222,0.166666666666667
OG0013089,1,0,0
OG0013092,1,0,0
OG0013094,1,0,0.0769230769230769
OG0013096,1,0,0
OG0013100,1,0.375,0.272727272727273
OG0013101,1,0,0
OG0013119,1,0.1,0.0769230769230769
OG0013132,1,0,0
OG0013133,1,0,0
OG0013141,1,0,0
OG0013142,1,0,0
OG0013144,1,0,0
OG0013158,1,0,0
OG0013159,1,0,0
OG0013166,1,0,0
OG0013169,0.183333333333333,0.222222222222222,0
OG0013176,1,0,0
OG0013177,1,0,0
OG0013179,1,0,0
OG0013180,1,0,0
OG0013181,1,0,0
OG0013184,0.44,0.1,0
OG0013185,1,0.1,0.166666666666667
OG0013186,1,0,0
OG0013187,1,0,0
OG0013189,1,0,0
OG0013191,1,0,0.0769230769230769
OG0013192,1,0,0
OG0013193,1,0.1,0.0769230769230769
OG0013194,1,0,0
OG0013196,1,0,0
OG0013197,1,0,0
OG0013198,1,0,0
OG0013200,0.183333333333333,0.222222222222222,0
OG0013201,1,0,0
OG0013203,1,0.1,0.0769230769230769
OG0013205,0.340579710144927,0.1,0.4
OG0013224,1,0,0
OG0013239,1,0.1,0.0769230769230769
OG0013252,1,0,0
OG0013258,1,0,0
OG0013271,0.0717391304347826,0.375,0
OG0013276,0.604347826086956,0.1,0.272727272727273
OG0013280,1,0,0
OG0013289,1,0,0
OG0013290,0.564782608695652,0.222222222222222,0.0769230769230769
OG0013291,1,0,0
OG0013318,1,0,0
OG0013319,1,0,0
OG0013320,1,0,0
OG0013321,1,0,0
OG0013325,1,0.1,0.166666666666667
OG0013327,1,0,0
OG0013328,1,0.222222222222222,0.272727272727273
OG0013330,1,0,0
OG0013331,1,0,0
OG0013332,1,0,0
OG0013334,1,0,0.0769230769230769
OG0013335,1,0,0
OG0013336,0.564782608695652,0.222222222222222,0.0769230769230769
OG0013337,1,0.1,0.0769230769230769
OG0013338,1,0,0.0769230769230769
OG0013340,1,0,0
OG0013342,1,0,0
OG0013343,1,0,0
OG0013344,1,0,0
OG0013345,0.604347826086956,0.1,0.272727272727273
OG0013347,1,0,0
OG0013349,1,0.222222222222222,0.272727272727273
OG0013350,1,0,0.0769230769230769
OG0013351,1,0,0
OG0013352,1,0,0
OG0013355,1,0,0
OG0013356,1,0,0
OG0013357,1,0,0.0769230769230769
OG0013360,1,0,0
OG0013361,1,0,0
OG0013363,1,0,0
OG0013368,1,0,0
OG0013370,1,0,0
OG0013374,1,0,0
OG0013375,0.44,0.1,0
OG0013378,0.623188405797101,0.375,0.166666666666667
OG0013383,1,0,0
OG0013396,1,0,0
OG0013432,1,0,0
OG0013442,1,0.1,0.0769230769230769
OG0013446,1,0,0
OG0013447,1,0.1,0.166666666666667
OG0013448,1,0,0
OG0013457,1,0,0
OG0013458,1,0,0
OG0013484,0.564782608695652,0.222222222222222,0.0769230769230769
OG0013485,1,0,0
OG0013486,1,0,0
OG0013487,1,0,0
OG0013488,1,0,0
OG0013490,0.564782608695652,0.222222222222222,0.0769230769230769
OG0013492,1,0.1,0.0769230769230769
OG0013495,1,0,0
OG0013502,1,0,0
OG0013503,1,0,0
OG0013507,1,0,0
OG0013510,1,0,0
OG0013512,1,0,0
OG0013513,1,0,0
OG0013515,1,0,0
OG0013516,1,0,0.0769230769230769
OG0013517,0.340579710144927,0.1,0.4
OG0013519,1,0,0
OG0013520,1,0,0
OG0013521,1,0.1,0.166666666666667
OG0013522,1,0,0
OG0013523,1,0,0
OG0013524,0.287826086956522,0.375,0.0769230769230769
OG0013525,1,0,0
OG0013526,1,0,0
OG0013527,1,0,0
OG0013529,1,0,0
OG0013530,1,0.1,0.166666666666667
OG0013531,1,0.375,0.272727272727273
OG0013532,1,0,0
OG0013533,1,0,0
OG0013534,1,0,0
OG0013535,0.486666666666667,0,0.166666666666667
OG0013536,1,0,0
OG0013537,1,0,0
OG0013538,1,0.1,0.0769230769230769
OG0013540,1,0,0
OG0013542,0.23,0,0.272727272727273
OG0013546,0.486666666666667,0,0.166666666666667
OG0013552,0.623188405797101,0.375,0.166666666666667
OG0013553,1,0.222222222222222,0.272727272727273
OG0013554,1,0.1,0.166666666666667
OG0013666,1,0,0
OG0013683,0.389168573607933,0.833333333333333,0.272727272727273
OG0013689,1,0,0
OG0013690,1,0,0
OG0013691,1,0,0
OG0013693,1,0,0
OG0013695,0.44,0.1,0
OG0013706,1,0,0.0769230769230769
OG0013728,1,0,0
OG0013729,1,0,0
OG0013731,1,0,0
OG0013732,1,0,0
OG0013736,1,0,0.0769230769230769
OG0013739,1,0,0
OG0013740,1,0,0
OG0013744,1,0,0
OG0013745,1,0,0
OG0013746,1,0,0
OG0013749,1,0.222222222222222,0.166666666666667
OG0013750,1,0,0
OG0013751,1,0,0
OG0013752,0.486666666666667,0,0.166666666666667
OG0013753,1,0,0
OG0013754,1,0,0
OG0013755,1,0.1,0.0769230769230769
OG0013756,1,0,0
OG0013757,1,0,0
OG0013758,1,0,0
OG0013759,1,0,0
OG0013761,1,0,0
OG0013762,1,0,0
OG0013763,1,0,0
OG0013764,1,0,0
OG0013766,1,0,0
OG0013767,1,0,0
OG0013769,1,0,0
OG0013771,1,0,0
OG0013773,1,0,0
OG0013774,1,0,0
OG0013775,1,0,0
OG0013776,1,0,0
OG0013777,1,0,0
OG0013778,1,0,0
OG0013779,1,0,0
OG0013780,1,0,0
OG0013781,1,0,0
OG0013783,1,0,0
OG0013784,1,0,0
OG0013785,1,0,0
OG0013787,1,0,0
OG0013788,1,0,0
OG0013789,1,0,0
OG0013792,1,0,0
OG0013793,1,0,0
OG0013795,1,0,0
OG0013796,1,0,0
OG0013798,1,0,0
OG0013799,1,0.1,0.0769230769230769
OG0013805,1,0,0
OG0013900,0.287826086956522,0.375,0.0769230769230769
OG0013919,0.564782608695652,0.222222222222222,0.0769230769230769
OG0013957,1,0.1,0.166666666666667
OG0013958,1,0,0
OG0013959,1,0,0
OG0013960,1,0,0
OG0013961,1,0,0.0769230769230769
OG0013962,1,0,0
OG0013963,1,0,0
OG0013964,1,0,0
OG0013965,1,0,0
OG0013983,1,0,0
OG0014003,1,0,0
OG0014014,1,0,0
OG0014015,1,0,0
OG0014016,1,0.1,0.0769230769230769
OG0014020,1,0,0
OG0014021,1,0,0
OG0014022,1,0,0
OG0014024,1,0,0
OG0014025,1,0,0.0769230769230769
OG0014026,1,0,0
OG0014029,1,0,0
OG0014031,1,0,0
OG0014032,1,0,0
OG0014033,1,0,0
OG0014034,1,0,0
OG0014035,1,0,0
OG0014036,1,0,0
OG0014040,1,0,0
OG0014042,1,0,0
OG0014043,1,0,0
OG0014044,1,0,0
OG0014045,1,0,0
OG0014046,1,0,0
OG0014047,1,0,0
OG0014049,1,0,0
OG0014050,1,0,0
OG0014051,1,0,0
OG0014052,1,0,0
OG0014053,1,0,0
OG0014054,1,0,0
OG0014055,1,0,0
OG0014056,1,0,0
OG0014057,1,0,0
OG0014058,1,0.222222222222222,0.272727272727273
OG0014060,1,0,0.0769230769230769
OG0014061,1,0,0.0769230769230769
OG0014062,1,0,0
OG0014063,1,0,0
OG0014068,1,0,0
OG0014071,1,0,0
OG0014072,1,0,0
OG0014073,1,0,0
OG0014074,0.44,0.1,0
OG0014076,1,0,0
OG0014191,1,0,0
OG0014193,1,0,0
OG0014194,1,0.1,0.0769230769230769
OG0014195,1,0,0
OG0014196,1,0,0
OG0014197,1,0,0
OG0014198,1,0,0
OG0014199,1,0,0
OG0014208,1,0,0
OG0014211,0.287826086956522,0.375,0.0769230769230769
OG0014214,1,0.222222222222222,0.272727272727273
OG0014233,1,0,0
OG0014248,1,0,0
OG0014251,1,0,0
OG0014253,1,0,0
OG0014254,0.44,0.1,0
OG0014259,1,0,0
OG0014264,1,0,0
OG0014267,1,0,0
OG0014268,1,0,0
OG0014269,1,0,0
OG0014270,1,0,0
OG0014271,1,0,0
OG0014272,1,0,0
OG0014274,0.44,0.1,0
OG0014275,1,0,0
OG0014276,1,0,0
OG0014278,1,0,0
OG0014279,1,0,0
OG0014285,1,0.222222222222222,0.166666666666667
OG0014293,1,0,0
OG0014294,1,0,0
OG0014296,1,0,0
OG0014297,1,0,0
OG0014300,1,0,0
OG0014301,1,0,0
OG0014302,1,0,0
OG0014304,1,0,0
OG0014305,1,0,0
OG0014307,1,0,0
OG0014309,1,0,0
OG0014311,1,0.1,0.166666666666667
OG0014312,1,0,0
OG0014315,1,0,0
OG0014317,1,0,0
OG0014318,1,0,0
OG0014378,0.183333333333333,0.222222222222222,0
OG0014403,1,0.1,0.0769230769230769
OG0014404,1,0,0
OG0014405,1,0.222222222222222,0.166666666666667
OG0014406,1,0,0
OG0014407,1,0,0
OG0014408,1,0,0
OG0014409,1,0,0
OG0014410,1,0,0
OG0014490,1,0,0
OG0014494,1,0,0
OG0014497,1,0,0
OG0014498,1,0,0
OG0014499,1,0,0
OG0014500,1,0,0
OG0014502,1,0,0
OG0014503,1,0,0.0769230769230769
OG0014510,0.564782608695652,0.222222222222222,0.0769230769230769
OG0014511,1,0,0
OG0014512,1,0,0
OG0014513,1,0,0.0769230769230769
OG0014514,1,0.1,0.0769230769230769
OG0014515,1,0,0.0769230769230769
OG0014516,1,0,0
OG0014518,1,0,0
OG0014519,1,0,0
OG0014520,1,0,0.0769230769230769
OG0014521,1,0,0
OG0014522,1,0,0
OG0014523,1,0,0
OG0014524,1,0,0
OG0014525,1,0,0
OG0014526,1,0,0
OG0014529,1,0,0
OG0014531,1,0,0
OG0014532,1,0,0
OG0014533,1,0,0
OG0014534,1,0,0
OG0014536,1,0,0
OG0014539,1,0,0
OG0014540,1,0,0.0769230769230769
OG0014541,1,0,0
OG0014544,0.183333333333333,0.222222222222222,0
OG0014545,1,0,0
OG0014547,1,0,0
OG0014549,1,0,0
OG0014550,1,0,0
OG0014551,1,0,0
OG0014552,1,0,0
OG0014554,1,0,0
OG0014557,1,0,0
OG0014558,1,0,0
OG0014560,1,0,0
OG0014561,1,0,0
OG0014564,1,0,0
OG0014565,1,0,0
OG0014566,1,0,0
OG0014567,1,0,0
OG0014568,1,0,0
OG0014569,1,0,0
OG0014571,1,0,0
OG0014574,0.44,0.1,0
OG0014575,1,0,0
OG0014577,1,0,0
OG0014578,1,0,0
OG0014580,1,0,0
OG0014581,1,0,0
OG0014582,1,0,0
OG0014586,1,0,0
OG0014587,1,0,0
OG0014590,1,0,0
OG0014594,1,0,0
OG0014595,1,0,0
OG0014597,1,0,0
OG0014601,1,0,0
OG0014653,1,0.222222222222222,0.272727272727273
OG0014664,1,0,0
OG0014666,1,0,0.0769230769230769
OG0014667,0.287826086956522,0.375,0.0769230769230769
OG0014668,1,0,0
OG0014669,1,0,0
OG0014670,0.287826086956522,0.375,0.0769230769230769
OG0014671,1,0,0
OG0014672,1,0,0.0769230769230769
OG0014679,1,0.1,0.0769230769230769
OG0014682,1,0.222222222222222,0.166666666666667
OG0014698,1,0,0.0769230769230769
OG0014749,1,0,0
OG0014752,1,0,0
OG0014754,1,0,0
OG0014761,1,0,0
OG0014766,1,0,0
OG0014767,1,0,0
OG0014769,1,0,0
OG0014770,0.23,0,0.272727272727273
OG0014773,1,0,0
OG0014777,1,0,0
OG0014778,1,0,0
OG0014779,1,0,0
OG0014780,1,0,0
OG0014782,1,0,0
OG0014784,0.604347826086956,0.1,0.272727272727273
OG0014786,1,0,0
OG0014788,1,0,0
OG0014789,1,0,0
OG0014791,1,0,0
OG0014792,1,0,0
OG0014793,1,0,0
OG0014796,1,0,0
OG0014797,1,0,0
OG0014798,1,0,0
OG0014799,1,0,0
OG0014801,1,0,0
OG0014802,1,0,0
OG0014804,1,0,0
OG0014805,1,0,0
OG0014806,1,0,0
OG0014807,1,0,0
OG0014808,1,0,0
OG0014810,1,0,0
OG0014811,1,0,0
OG0014813,1,0,0
OG0014814,1,0,0
OG0014815,1,0,0
OG0014816,1,0,0.0769230769230769
OG0014819,1,0,0
OG0014820,1,0,0
OG0014821,1,0,0
OG0014824,1,0,0
OG0014825,1,0,0
OG0014826,0.105217391304348,0,0.4
OG0014827,1,0,0
OG0014829,1,0,0
OG0014833,1,0,0
OG0014836,1,0,0
OG0014838,1,0,0
OG0014839,1,0,0
OG0014840,1,0,0
OG0014841,1,0,0
OG0014842,1,0,0
OG0014844,1,0,0
OG0014845,1,0,0
OG0014846,1,0,0
OG0014847,1,0,0
OG0014848,1,0,0
OG0014849,1,0,0
OG0014850,1,0,0
OG0014851,1,0,0
OG0014853,1,0,0
OG0014854,1,0.1,0.0769230769230769
OG0014855,0.44,0.1,0
OG0014864,1,0,0
OG0014868,1,0,0
OG0014874,1,0,0
OG0014876,1,0,0
OG0014878,0.44,0.1,0
OG0014920,1,0.222222222222222,0.166666666666667
OG0014921,1,0,0
OG0014923,1,0,0
OG0014925,0.486666666666667,0,0.166666666666667
OG0014926,1,0,0
OG0014927,1,0,0
OG0014928,1,0.1,0.0769230769230769
OG0014929,1,0,0
OG0014930,0.564782608695652,0.222222222222222,0.0769230769230769
OG0014931,1,0,0
OG0014941,1,0.1,0.166666666666667
OG0014963,1,0,0
OG0014973,1,0,0
OG0014975,1,0,0
OG0014986,0.23,0,0.272727272727273
OG0015044,1,0,0
OG0015045,1,0,0
OG0015046,1,0,0
OG0015047,0.287826086956522,0.375,0.0769230769230769
OG0015051,1,0,0
OG0015052,1,0,0
OG0015053,1,0,0
OG0015056,1,0,0
OG0015059,0.486666666666667,0,0.166666666666667
OG0015060,1,0,0
OG0015065,1,0,0
OG0015066,1,0,0
OG0015068,1,0,0
OG0015076,1,0,0
OG0015080,1,0,0
OG0015081,1,0,0
OG0015083,1,0,0
OG0015084,1,0,0
OG0015086,0.44,0.1,0
OG0015088,1,0,0.0769230769230769
OG0015089,1,0,0
OG0015091,1,0,0
OG0015095,1,0,0
OG0015097,1,0,0
OG0015099,1,0,0
OG0015105,1,0,0
OG0015106,1,0,0
OG0015107,1,0,0
OG0015108,1,0,0
OG0015109,1,0,0
OG0015110,1,0.1,0.0769230769230769
OG0015111,1,0,0
OG0015112,1,0,0
OG0015113,1,0,0
OG0015114,1,0,0
OG0015116,1,0,0
OG0015117,1,0,0
OG0015118,1,0,0
OG0015119,1,0,0.0769230769230769
OG0015120,1,0,0
OG0015121,1,0,0
OG0015122,1,0,0
OG0015125,1,0,0
OG0015127,1,0,0
OG0015128,1,0,0
OG0015129,1,0,0
OG0015133,1,0,0
OG0015138,0.287826086956522,0.375,0.0769230769230769
OG0015139,1,0,0
OG0015140,1,0,0
OG0015141,1,0,0
OG0015142,1,0,0
OG0015143,1,0,0
OG0015144,1,0.1,0.166666666666667
OG0015145,1,0,0
OG0015146,1,0,0
OG0015148,1,0,0
OG0015155,1,0,0
OG0015156,1,0,0
OG0015163,1,0,0
OG0015168,1,0,0
OG0015216,1,0,0
OG0015218,1,0,0
OG0015219,1,0,0
OG0015220,1,0,0
OG0015221,0.44,0.1,0
OG0015222,1,0,0
OG0015225,1,0,0
OG0015226,1,0,0
OG0015227,1,0,0
OG0015228,1,0,0
OG0015229,1,0,0
OG0015230,1,0,0
OG0015231,1,0,0.0769230769230769
OG0015232,1,0,0
OG0015233,1,0,0
OG0015234,1,0,0
OG0015235,1,0,0
OG0015237,1,0,0
OG0015262,1,0,0
OG0015278,1,0,0
OG0015382,1,0,0
OG0015389,1,0,0
OG0015390,1,0,0
OG0015391,1,0,0
OG0015393,1,0,0
OG0015394,1,0,0
OG0015395,1,0,0
OG0015396,1,0,0
OG0015399,1,0,0
OG0015400,1,0,0
OG0015403,1,0,0
OG0015404,1,0,0
OG0015407,1,0,0
OG0015408,1,0,0
OG0015410,1,0,0
OG0015417,1,0,0
OG0015418,1,0,0
OG0015421,1,0,0
OG0015424,1,0,0
OG0015428,1,0,0
OG0015429,1,0,0
OG0015430,1,0,0
OG0015433,1,0,0
OG0015434,1,0,0
OG0015435,1,0,0
OG0015436,1,0,0
OG0015439,0.564782608695652,0.222222222222222,0.0769230769230769
OG0015442,1,0,0
OG0015450,1,0,0
OG0015451,1,0,0
OG0015453,1,0,0
OG0015454,1,0,0.0769230769230769
OG0015455,1,0,0
OG0015458,1,0,0
OG0015461,1,0,0
OG0015464,1,0,0
OG0015466,1,0,0
OG0015468,1,0,0
OG0015470,1,0,0
OG0015472,1,0,0
OG0015477,1,0,0
OG0015479,1,0,0
OG0015483,1,0,0
OG0015488,1,0,0
OG0015490,1,0,0
OG0015496,1,0,0
OG0015498,1,0,0
OG0015499,1,0,0
OG0015501,1,0,0
OG0015507,1,0,0
OG0015510,1,0,0
OG0015513,1,0,0
OG0015516,1,0,0
OG0015519,1,0,0
OG0015521,1,0,0
OG0015522,1,0,0
OG0015530,1,0,0
OG0015531,1,0,0
OG0015532,0.486666666666667,0,0.166666666666667
OG0015533,1,0,0
OG0015536,1,0,0
OG0015540,1,0,0
OG0015593,1,0,0
OG0015595,1,0,0
OG0015596,1,0,0
OG0015598,1,0,0
OG0015599,1,0,0
OG0015600,1,0,0
OG0015601,1,0,0
OG0015603,1,0,0
OG0015604,1,0,0
OG0015605,1,0,0
OG0015607,1,0,0
OG0015608,1,0,0
OG0015609,1,0,0
OG0015610,1,0,0
OG0015611,1,0,0
OG0015612,1,0,0
OG0015613,1,0,0
OG0015614,1,0,0
OG0015615,1,0,0
OG0015616,0.44,0.1,0
OG0015628,1,0,0
OG0015658,1,0.1,0.0769230769230769
OG0015663,1,0,0.0769230769230769
OG0015678,1,0,0
OG0015716,1,0,0
OG0015718,1,0,0
OG0015731,1,0,0
OG0015734,1,0,0
OG0015737,1,0,0.0769230769230769
OG0015740,1,0,0
OG0015741,1,0,0
OG0015804,1,0,0
OG0015836,1,0,0
OG0015844,1,0,0
OG0015845,1,0,0
OG0015848,1,0,0
OG0015849,1,0,0
OG0015864,1,0,0
OG0015871,1,0,0
OG0015872,1,0,0
OG0015873,1,0,0
OG0015874,1,0,0
OG0015883,1,0,0
OG0015885,1,0,0
OG0015887,1,0,0
OG0015888,1,0,0
OG0015889,1,0,0
OG0015892,1,0,0.0769230769230769
OG0015893,1,0,0
OG0015900,1,0,0
OG0015901,1,0,0
OG0015903,1,0,0
OG0015910,1,0,0.0769230769230769
OG0015917,1,0,0
OG0015920,0.44,0.1,0
OG0015923,1,0,0
OG0015932,1,0,0
OG0015933,1,0,0
OG0015934,1,0,0
OG0015936,1,0,0.0769230769230769
OG0015938,1,0,0
OG0015940,1,0,0
OG0015941,1,0,0
OG0015943,0.183333333333333,0.222222222222222,0
OG0015951,1,0,0
OG0015952,1,0,0
OG0015954,1,0,0.0769230769230769
OG0015957,1,0,0
OG0015958,1,0,0
OG0015961,1,0,0
OG0015964,1,0,0
OG0015970,0.604347826086956,0.1,0.272727272727273
OG0015971,1,0,0
OG0015973,1,0,0
OG0015974,1,0,0
OG0015975,1,0,0.0769230769230769
OG0015978,1,0,0.0769230769230769
OG0015984,1,0,0
OG0015988,1,0,0
OG0015989,1,0,0.0769230769230769
OG0015990,1,0,0
OG0015991,1,0,0
OG0016000,1,0,0
OG0016004,0.564782608695652,0.222222222222222,0.0769230769230769
OG0016005,0.44,0.1,0
OG0016007,1,0,0
OG0016017,1,0,0
OG0016029,1,0,0
OG0016031,0.44,0.1,0
OG0016039,1,0,0
OG0016043,1,0,0
OG0016069,1,0,0
OG0016075,1,0,0
OG0016076,1,0,0
OG0016077,1,0.1,0.0769230769230769
OG0016078,1,0,0
OG0016080,1,0,0
OG0016081,1,0,0
OG0016083,1,0,0
OG0016085,1,0,0
OG0016086,1,0,0
OG0016087,1,0,0
OG0016088,1,0,0
OG0016090,1,0,0
OG0016092,1,0,0
OG0016093,1,0,0
OG0016094,1,0,0
OG0016095,1,0,0
OG0016096,1,0,0
OG0016099,1,0,0
OG0016100,1,0,0
OG0016103,1,0,0
OG0016104,1,0,0
OG0016106,1,0.1,0.166666666666667
OG0016124,1,0,0
OG0016125,0.44,0.1,0
OG0016156,1,0,0.0769230769230769
OG0016176,1,0,0.0769230769230769
OG0016205,1,0,0.0769230769230769
OG0016244,1,0,0.0769230769230769
OG0016320,1,0,0.0769230769230769
OG0016342,1,0,0
OG0016351,1,0,0
OG0016354,1,0,0
OG0016363,1,0,0
OG0016365,1,0,0
OG0016366,1,0,0
OG0016367,1,0,0
OG0016376,1,0,0
OG0016380,1,0,0
OG0016381,1,0,0
OG0016389,0.44,0.1,0
OG0016393,1,0,0
OG0016401,1,0,0.0769230769230769
OG0016409,1,0,0
OG0016413,1,0,0
OG0016420,1,0,0
OG0016424,1,0,0
OG0016426,1,0,0
OG0016433,1,0,0
OG0016434,1,0,0
OG0016435,1,0,0
OG0016436,1,0,0
OG0016441,1,0,0
OG0016443,1,0,0
OG0016446,1,0,0
OG0016459,1,0,0
OG0016460,1,0,0.0769230769230769
OG0016461,1,0,0
OG0016462,1,0,0
OG0016464,1,0,0
OG0016466,1,0,0
OG0016467,1,0,0
OG0016468,1,0,0
OG0016471,1,0,0
OG0016474,1,0,0
OG0016476,1,0,0
OG0016477,0.44,0.1,0
OG0016482,1,0,0
OG0016486,1,0,0
OG0016487,1,0.1,0.0769230769230769
OG0016488,1,0,0
OG0016489,1,0,0
OG0016490,1,0,0
OG0016491,1,0,0
OG0016496,1,0,0
OG0016497,1,0,0
OG0016499,1,0,0
OG0016501,1,0,0
OG0016509,1,0,0
OG0016510,1,0,0
OG0016514,1,0,0
OG0016518,1,0,0
OG0016519,1,0,0
OG0016522,1,0,0
OG0016525,1,0,0
OG0016527,1,0,0
OG0016528,1,0,0
OG0016532,1,0,0
OG0016534,1,0,0
OG0016535,1,0,0
OG0016544,1,0,0
OG0016546,1,0,0
OG0016547,1,0,0
OG0016551,0.23,0,0.272727272727273
OG0016552,0.44,0.1,0
OG0016554,1,0.222222222222222,0.166666666666667
OG0016558,1,0,0
OG0016559,1,0,0
OG0016567,1,0,0
OG0016572,1,0,0
OG0016573,1,0,0
OG0016577,1,0,0
OG0016591,0.44,0.1,0
OG0016592,1,0,0
OG0016599,1,0,0
OG0016613,0.44,0.1,0
OG0016655,1,0.375,0.272727272727273
OG0016658,0.564782608695652,0.222222222222222,0.0769230769230769
OG0016671,1,0,0.0769230769230769
OG0016672,1,0,0
OG0016673,1,0,0
OG0016674,0.105217391304348,0,0.4
OG0016675,1,0,0
OG0016676,1,0,0
OG0016677,1,0,0
OG0016678,1,0,0
OG0016679,1,0,0
OG0016681,1,0,0
OG0016682,0.23,0,0.272727272727273
OG0016683,1,0,0
OG0016685,1,0,0
OG0016687,1,0,0
OG0016688,1,0,0
OG0016689,1,0,0
OG0016691,1,0,0
OG0016693,1,0,0
OG0016694,1,0,0
OG0016695,1,0,0
OG0016696,1,0,0
OG0016697,1,0,0
OG0016699,1,0,0
OG0016701,1,0,0
OG0016704,1,0,0
OG0016705,1,0,0
OG0016706,1,0,0
OG0016707,1,0,0
OG0016708,1,0,0
OG0016709,1,0,0
OG0016710,1,0,0
OG0016718,0.486666666666667,0,0.166666666666667
OG0016724,0.564782608695652,0.222222222222222,0.0769230769230769
OG0016727,1,0.1,0.166666666666667
OG0016730,0.486666666666667,0,0.166666666666667
OG0016737,0.44,0.1,0
OG0016747,0.44,0.1,0
OG0016751,1,0,0
OG0016752,1,0,0
OG0016762,1,0,0
OG0016764,0.44,0.1,0
OG0016881,1,0,0
OG0016889,1,0,0.0769230769230769
OG0016899,1,0,0
OG0016900,1,0,0.0769230769230769
OG0016922,1,0,0
OG0016923,1,0,0
OG0016929,1,0,0
OG0016952,0.44,0.1,0
OG0016960,1,0,0
OG0016963,1,0,0
OG0016965,1,0,0
OG0016991,1,0,0
OG0017073,1,0,0.0769230769230769
OG0017085,1,0,0
OG0017087,1,0,0.0769230769230769
OG0017103,1,0,0.0769230769230769
OG0017104,1,0,0.0769230769230769
OG0017167,1,0,0
OG0017191,1,0,0
OG0017193,1,0,0
OG0017198,1,0,0
OG0017208,1,0,0
OG0017209,1,0,0
OG0017212,1,0,0
OG0017218,1,0,0.0769230769230769
OG0017222,1,0,0
OG0017225,1,0,0
OG0017232,1,0,0
OG0017233,1,0,0
OG0017235,1,0,0
OG0017237,1,0,0
OG0017238,1,0,0
OG0017241,1,0,0
OG0017242,1,0,0
OG0017248,1,0,0
OG0017252,1,0,0
OG0017259,1,0,0
OG0017261,1,0,0
OG0017266,1,0,0
OG0017269,1,0,0
OG0017273,1,0,0
OG0017276,1,0,0
OG0017277,1,0,0
OG0017280,1,0,0
OG0017284,1,0,0
OG0017285,1,0,0
OG0017290,1,0,0
OG0017293,1,0,0
OG0017294,1,0,0
OG0017297,1,0,0
OG0017300,1,0,0
OG0017304,1,0,0
OG0017305,1,0,0
OG0017307,1,0,0
OG0017312,1,0,0
OG0017314,1,0,0
OG0017315,1,0,0
OG0017318,1,0,0
OG0017328,1,0,0
OG0017340,1,0,0
OG0017342,1,0,0
OG0017350,1,0,0
OG0017359,1,0,0
OG0017364,1,0,0
OG0017368,1,0,0
OG0017373,1,0,0
OG0017375,1,0,0
OG0017382,1,0,0
OG0017385,1,0,0
OG0017388,1,0,0
OG0017393,1,0,0
OG0017398,1,0,0
OG0017403,1,0,0
OG0017409,1,0,0
OG0017413,1,0,0
OG0017414,1,0,0
OG0017415,1,0,0
OG0017416,1,0,0
OG0017426,1,0,0
OG0017428,1,0,0
OG0017432,1,0,0
OG0017433,1,0,0
OG0017434,1,0,0
OG0017450,1,0,0
OG0017452,1,0,0
OG0017481,1,0,0
OG0017483,1,0,0
OG0017488,1,0,0
OG0017490,1,0,0
OG0017506,1,0,0
OG0017510,1,0,0
OG0017514,1,0.222222222222222,0.166666666666667
OG0017518,0.564782608695652,0.222222222222222,0.0769230769230769
OG0017551,1,0,0
OG0017554,1,0,0
OG0017555,1,0,0
OG0017557,1,0,0
OG0017558,1,0,0
OG0017559,1,0,0
OG0017560,1,0,0
OG0017562,0.44,0.1,0
OG0017565,1,0.1,0.0769230769230769
OG0017568,1,0,0
OG0017569,1,0,0
OG0017570,1,0,0
OG0017572,1,0,0
OG0017573,1,0,0
OG0017575,1,0,0
OG0017576,1,0,0
OG0017577,1,0,0
OG0017579,1,0,0
OG0017580,1,0,0
OG0017582,1,0,0
OG0017583,1,0,0
OG0017584,1,0,0
OG0017585,1,0,0
OG0017587,1,0,0
OG0017588,1,0,0
OG0017589,1,0,0
OG0017590,1,0,0
OG0017592,1,0,0
OG0017597,1,0,0
OG0017599,1,0,0
OG0017600,1,0,0
OG0017601,1,0,0
OG0017602,1,0,0
OG0017603,1,0,0
OG0017604,1,0,0
OG0017605,1,0,0
OG0017606,1,0,0
OG0017614,1,0.222222222222222,0.166666666666667
OG0017623,1,0.1,0.166666666666667
OG0017626,1,0.1,0.166666666666667
OG0017627,1,0.222222222222222,0.166666666666667
OG0017628,1,0.1,0.166666666666667
OG0017636,1,0,0
OG0017684,1,0,0
OG0017696,1,0,0
OG0017738,0.44,0.1,0
OG0017745,0.44,0.1,0
OG0017752,1,0,0
OG0017849,1,0,0
OG0017922,1,0,0
OG0017958,1,0,0
OG0017974,1,0,0
OG0017992,1,0,0.0769230769230769
OG0018031,1,0,0
OG0018111,1,0,0
OG0018115,1,0,0
OG0018117,1,0,0
OG0018125,0.23,0,0.272727272727273
OG0018155,1,0,0
OG0018162,1,0,0
OG0018163,1,0,0
OG0018164,1,0,0
OG0018169,1,0,0
OG0018173,1,0,0
OG0018175,1,0,0.0769230769230769
OG0018177,1,0,0
OG0018178,1,0,0
OG0018182,1,0,0
OG0018183,1,0,0
OG0018186,1,0,0
OG0018216,1,0,0
OG0018219,1,0,0
OG0018221,1,0,0
OG0018242,1,0,0
OG0018259,1,0,0
OG0018279,1,0,0.0769230769230769
OG0018280,1,0,0
OG0018296,1,0,0
OG0018326,1,0,0
OG0018339,1,0,0
OG0018344,1,0,0
OG0018363,1,0,0
OG0018392,1,0,0
OG0018424,1,0,0
OG0018438,1,0,0.0769230769230769
OG0018446,1,0,0
OG0018450,1,0,0.0769230769230769
OG0018454,1,0,0
OG0018456,1,0,0
OG0018473,1,0,0
OG0018474,1,0,0
OG0018475,1,0,0
OG0018478,1,0,0.0769230769230769
OG0018625,1,0,0
OG0018637,1,0,0
OG0018668,1,0,0
OG0018683,1,0,0
OG0018698,1,0,0
OG0018713,1,0,0
OG0018735,1,0,0
OG0018739,1,0,0
OG0018743,1,0,0
OG0018754,1,0,0
OG0018755,1,0,0
OG0018762,1,0,0
OG0018763,1,0,0
OG0018775,1,0,0
OG0018816,1,0,0
OG0018837,1,0,0
OG0018850,1,0,0
OG0018851,1,0,0
OG0018852,1,0,0
OG0018858,1,0,0
OG0018860,1,0,0
OG0018864,1,0,0
OG0018936,1,0,0
OG0018938,1,0,0
OG0018945,1,0,0
OG0018949,1,0,0
OG0018951,1,0,0
OG0018966,1,0,0
OG0018968,1,0,0
OG0018976,1,0,0
OG0018978,1,0,0
OG0018980,1,0,0
OG0018999,1,0,0
OG0019007,1,0,0
OG0019010,1,0,0
OG0019028,1,0,0
OG0019043,1,0,0
OG0019049,1,0,0
OG0019057,1,0,0
OG0019058,1,0,0
OG0019067,1,0,0
OG0019076,1,0,0
OG0019079,1,0,0
OG0019089,1,0,0
OG0019115,1,0,0
OG0019120,1,0,0
OG0019131,1,0,0
OG0019147,1,0,0
OG0019159,1,0,0
OG0019168,1,0,0
OG0019181,1,0,0
OG0019185,1,0,0
OG0019199,1,0,0
OG0019201,1,0,0
OG0019211,1,0,0
OG0019241,1,0,0
OG0019255,1,0,0
OG0019259,1,0,0
OG0019266,0.564782608695652,0.222222222222222,0.0769230769230769
OG0019328,0.564782608695652,0.222222222222222,0.0769230769230769
OG0019363,1,0,0
OG0019413,1,0,0
OG0019426,1,0,0
OG0019441,1,0,0
OG0019443,1,0,0
OG0019452,1,0,0
OG0019460,1,0,0
OG0019467,1,0,0
OG0019555,1,0,0
OG0019563,1,0,0
OG0019565,1,0,0
OG0019566,1,0,0
OG0019592,1,0,0.0769230769230769
OG0019658,1,0,0
OG0019680,1,0.1,0.166666666666667
OG0019697,1,0.1,0.166666666666667
OG0019748,1,0,0
OG0019750,1,0,0
OG0019759,1,0,0
OG0019826,1,0,0
OG0019828,1,0,0
OG0019835,1,0,0
OG0019912,1,0,0
OG0019958,0.44,0.1,0
OG0020016,0.44,0.1,0
OG0020038,0.44,0.1,0
OG0020061,1,0,0
OG0020073,1,0,0
OG0020083,1,0,0
OG0020165,1,0,0
OG0020181,1,0,0
OG0020279,1,0,0
OG0020396,1,0,0
OG0020436,1,0,0
OG0020443,1,0,0
OG0020455,1,0,0
OG0020459,1,0,0
OG0020530,1,0,0
OG0020532,1,0,0
OG0020543,1,0,0
OG0020548,1,0,0
OG0020551,1,0,0
OG0020556,1,0,0
OG0020561,1,0,0
OG0020565,1,0,0
OG0020567,1,0,0
OG0020573,1,0,0
OG0020576,1,0,0
OG0020578,1,0,0
OG0020611,1,0,0
OG0020624,1,0,0
OG0020631,1,0,0
OG0020634,1,0,0
OG0020643,1,0,0
OG0020647,1,0,0
OG0020650,1,0,0
OG0020656,1,0,0
OG0020659,1,0,0
OG0020661,1,0,0
OG0020664,1,0,0
OG0020668,1,0,0
OG0020671,1,0,0
OG0020674,1,0,0
OG0020675,1,0,0
OG0020676,1,0,0
OG0020703,1,0,0
OG0020735,1,0,0
OG0020737,1,0,0
OG0020740,1,0,0
OG0020741,1,0,0
OG0020743,1,0,0
OG0020753,1,0,0
OG0020755,1,0,0
OG0020765,1,0,0
OG0020766,1,0,0
OG0020770,1,0,0
OG0020771,1,0,0
OG0020776,1,0,0
OG0020780,1,0,0
OG0020798,0.564782608695652,0.222222222222222,0.0769230769230769
OG0020809,1,0,0
OG0020816,1,0,0
OG0020819,1,0,0
OG0020824,1,0,0
OG0020826,1,0,0
OG0020844,1,0,0
OG0020845,1,0,0
OG0020850,1,0,0
OG0020852,1,0,0
OG0020857,1,0,0
OG0020858,1,0,0
OG0020875,1,0,0
OG0020914,1,0,0
OG0020930,1,0,0
OG0020951,1,0,0
OG0020958,1,0,0
OG0020965,1,0,0
OG0020968,1,0,0
OG0020977,1,0,0
OG0020990,1,0,0
OG0020997,1,0,0
OG0021003,1,0,0
OG0021004,1,0,0
OG0021018,1,0,0
OG0021021,1,0,0
OG0021026,1,0,0
OG0021027,1,0,0
OG0021028,1,0,0
OG0021044,1,0,0
OG0021087,1,0,0
OG0021091,1,0,0
OG0021092,1,0,0
OG0021109,1,0,0
OG0021114,1,0,0
OG0021155,1,0,0
OG0021156,1,0,0
OG0021161,1,0,0
OG0021163,1,0,0
OG0021171,1,0,0
OG0021182,1,0,0
OG0021199,1,0,0
OG0021203,1,0,0
OG0021219,1,0,0
OG0021222,1,0,0
OG0021225,1,0,0
OG0021232,1,0,0
OG0021236,1,0,0
OG0021248,1,0,0
OG0021250,1,0,0
OG0021254,1,0,0
OG0021255,1,0,0
OG0021258,1,0,0
OG0021259,1,0,0
OG0021260,1,0,0
OG0021262,1,0,0
OG0021318,1,0,0
OG0021327,1,0,0.0769230769230769
OG0021333,1,0,0
OG0021334,1,0,0.0769230769230769
OG0021338,1,0,0.0769230769230769
OG0021341,1,0,0
OG0021343,1,0,0
OG0021347,1,0,0
OG0021350,1,0,0
OG0021352,1,0,0
OG0021353,1,0,0
OG0021354,1,0,0
OG0021355,1,0,0.0769230769230769
OG0021357,1,0,0
OG0021358,1,0,0
OG0021359,1,0,0
OG0021360,1,0,0
OG0021361,1,0,0
OG0021362,1,0,0
OG0021363,1,0,0
OG0021364,1,0,0
OG0021365,1,0,0
OG0021366,1,0,0
OG0021367,1,0,0
OG0021368,1,0,0.0769230769230769
OG0021369,1,0,0
OG0021371,1,0,0
